 -7.00534162
 -7.10323237
 -7.13370485
 -7.03725569
 -6.90956177
 -6.89608291
 -7.13899482
 -7.38923801
 -7.82325023
 -8.19108507
 -8.29841593
 -8.52477941
 -8.86714611
 -9.52966559
 -9.84258664
 -6.99233975
 -7.03908810
 -6.86637640
 -6.63455475
 -6.47307627
 -6.61463085
 -6.97129694
 -7.29634693
 -7.74580379
 -8.05367797
 -8.25646424
 -8.53097187
 -8.94386481
 -9.47844446
 -9.73332286
 -6.97235030
 -6.97742354
 -6.80712794
 -6.52499802
 -6.43247687
 -6.60036616
 -7.03678078
 -7.33538870
 -7.72917970
 -7.91803150
 -8.17776789
 -8.47526076
 -8.94198239
 -9.33668331
 -9.51340306
 -6.97922051
 -6.99425104
 -6.85128972
 -6.64275692
 -6.54325541
 -6.69703082
 -7.05503144
 -7.38694609
 -7.77044885
 -7.96356828
 -8.23346542
 -8.55543802
 -8.99012893
 -9.25975142
 -9.33042528
 -7.01402018
 -6.98178875
 -6.74991664
 -6.63293738
 -6.69830053
 -7.01515608
 -7.29881239
 -7.57914094
 -7.89637775
 -8.13127614
 -8.32936447
 -8.60976170
 -8.94926667
 -9.25742196
 -9.39450839
 -7.07671392
 -6.98285179
 -6.74529222
 -6.66398632
 -6.77658277
 -7.07561730
 -7.28199996
 -7.59212557
 -7.93071715
 -8.23014755
 -8.42630946
 -8.67928614
 -8.97359581
 -9.33053705
 -9.55945690
 -7.13988655
 -7.00770645
 -6.53145707
 -6.36180917
 -6.55754580
 -7.13918994
 -7.50190279
 -7.77833465
 -8.04392985
 -8.29644656
 -8.44944334
 -8.61126679
 -8.87051024
 -9.27720351
 -9.64406856
 -7.20246826
 -7.10060776
 -6.84450845
 -6.68577034
 -6.83637289
 -7.19617212
 -7.61648161
 -7.87086571
 -8.14274538
 -8.28303999
 -8.43073823
 -8.53049674
 -8.82738902
 -9.24741927
 -9.64293578
 -7.26498113
 -7.34177998
 -7.16032080
 -7.03445206
 -7.01490953
 -7.30577630
 -7.76088744
 -7.98940146
 -8.23906782
 -8.30835471
 -8.40235903
 -8.47976855
 -8.77234397
 -9.26053140
 -9.69201004
 -7.32713478
 -7.56590847
 -7.54490234
 -7.51509535
 -7.36213727
 -7.47003838
 -7.79741010
 -8.00336957
 -8.25959883
 -8.33223638
 -8.36300117
 -8.49316696
 -8.78096257
 -9.34919090
 -9.76666908
 -7.38241658
 -7.61946768
 -7.39723391
 -7.32560597
 -7.19509001
 -7.53015650
 -7.86252529
 -8.07801282
 -8.30528145
 -8.40385096
 -8.38037032
 -8.54998227
 -8.83204350
 -9.43566627
 -9.82811777
 -7.42915796
 -7.62691295
 -7.37120729
 -7.23930470
 -7.13798015
 -7.57058299
 -7.96055278
 -8.24227391
 -8.41726026
 -8.48267546
 -8.41613449
 -8.60745754
 -8.92893487
 -9.53085274
 -9.90117464
 -7.57630683
 -7.85137123
 -7.82313612
 -7.69904334
 -7.52887796
 -7.81891129
 -8.13371157
 -8.41334018
 -8.53643273
 -8.51993983
 -8.50829722
 -8.68747228
 -9.05768384
 -9.60523531
 -9.96160597
 -7.67828022
 -8.05028642
 -8.33376055
 -8.29919376
 -8.12715083
 -8.18570068
 -8.42640924
 -8.60104307
 -8.64653860
 -8.55804897
 -8.60972047
 -8.81595605
 -9.20226351
 -9.69091566
-10.01208134
 -7.76795640
 -8.13103960
 -8.41515354
 -8.43742283
 -8.39665353
 -8.51003640
 -8.68377926
 -8.72040081
 -8.72360851
 -8.61730271
 -8.73812150
 -8.96044083
 -9.32636629
 -9.74008400
-10.01053212
