 -2.32312736
 -5.45160305
 -8.58007875
-11.43653746
 -8.30521415
 -5.17389085
 -2.04256754
  0.85530721
  3.51933364
  6.18336007
  8.84738651
 11.59308563
 14.61082529
 17.62856496
 20.64630462
 23.66404428
 40.84039468
 65.57882262
 90.31725056
115.05567850
139.79410644
159.99614989
179.46361131
197.10486326
204.73997021
212.37507717
215.19156390
217.12491240
219.05826089
220.99160938
222.92495787
 -2.08984103
 -5.21831672
 -8.34679242
 -8.07233818
 -4.94101488
 -1.80969157
  1.32163174
  4.45295505
  7.14333537
  9.80736180
 12.47138823
 15.45613894
 18.47387860
 21.49161826
 24.50935792
 27.52709759
 36.40857246
 61.14700040
 85.88542834
109.48686172
128.95432314
148.42178457
167.88924599
184.77160493
192.40671188
200.04181884
207.67692579
210.70661787
212.63996637
214.57331486
216.50666335
 -1.85655470
 -4.98503040
 -7.83946221
 -4.70813890
 -1.57681560
  1.55450771
  4.68583102
  7.81715433
 10.76733709
 13.43136352
 16.30145258
 19.31919224
 22.33693191
 25.35467157
 28.37241123
 31.39015089
 34.40789055
 56.71517818
 78.44503498
 97.91249640
117.37995782
136.84741925
156.31488067
172.43834660
180.07345355
187.70856051
195.34366746
202.97877441
206.22167185
208.15502034
210.08836883
 -1.62326837
 -4.75174407
 -4.47526293
 -1.34393963
  1.78738368
  4.91870699
  8.05003030
 11.18135360
 14.31267691
 17.14676623
 20.16450589
 23.18224555
 26.19998521
 29.21772487
 32.39091783
 35.88892290
 39.38692798
 47.40320823
 66.87066965
 86.33813108
105.80559250
125.27305393
144.74051535
160.10508827
167.74019522
175.37530217
183.01040913
190.64551608
198.28062303
201.73672582
203.67007431
 -1.38998205
 -4.24238696
 -1.11106366
  2.02025965
  5.15158296
  8.28290627
 11.49345273
 14.86328736
 18.23312199
 24.18103975
 27.67904483
 31.17704990
 34.67505498
 38.17306005
 41.67106513
 45.16907020
 48.64693125
 51.87131095
 55.29630433
 74.76376576
 94.23122718
113.69868861
133.16615003
147.77182994
155.40693689
163.04204384
170.67715080
178.31225775
185.94736470
193.58247165
197.25177979
 -2.20754530
 -0.76052920
  2.60930543
  5.97914006
  9.34897469
 12.71880933
 16.08864396
 19.45847859
 23.71814320
 31.05652868
 36.95919213
 40.45719720
 43.95520228
 47.45320735
 50.95121243
 54.44921751
 57.82236185
 61.04674155
 64.27112125
 67.49550095
 82.65686186
102.12432329
121.59178471
135.43857161
143.07367856
150.70878551
158.34389247
165.97899942
173.61410637
181.48417281
195.50613412
  2.60834107
  3.97201509
  7.20449666
 10.57433129
 13.94416592
 17.31400056
 20.68383519
 24.05366982
 29.99759399
 37.33597947
 44.67436494
 49.73734450
 53.23534958
 56.73335465
 60.23135973
 63.72936481
 66.99779245
 70.22217215
 73.44655185
 76.67093155
 79.89531125
 90.54995797
110.01741939
123.10531328
130.74042023
138.37552718
146.01063413
158.81756981
173.35821086
187.89885192
200.93829081
  8.45744674
  9.82112077
 11.79968789
 15.16952252
 18.53935715
 21.90919179
 25.27902642
 28.93865930
 36.27704478
 43.61543025
 50.95381573
 58.29220121
 62.51549688
 66.01350195
 69.51150703
 72.94884336
 76.17322306
 79.39760276
 82.62198245
 85.84636215
 89.07074185
 92.29512155
 98.44305407
110.77205495
121.61032574
136.15096680
150.69160785
165.23224891
179.77288996
194.31353102
206.37044750
 14.30655242
 15.67022644
 17.03390047
 19.76471375
 23.13454839
 26.50438302
 29.87421765
 35.21811009
 42.55649556
 49.89488104
 57.23326652
 64.57165200
 71.79564418
 75.29364926
 78.79165433
 82.12427396
 85.34865366
 88.57303336
 91.79741306
 95.02179275
 98.24617245
102.63975009
108.13307191
113.48436379
128.02500485
142.56564590
157.10628696
171.64692801
186.18756907
200.72821012
211.80260419
 20.15565809
 21.51933212
 22.88300614
 24.35990498
 27.72973962
 31.09957425
 34.46940888
 41.49756088
 48.83594635
 56.17433183
 63.51271731
 70.85110279
 78.18948827
 84.57379656
 88.07180163
 91.29970456
 94.52408426
 97.74846396
102.83446974
108.32779156
113.82111338
119.31443520
124.48306430
128.68134937
134.43968395
148.98032500
163.52096606
178.06160712
192.60224817
206.80523265
217.23476089
 26.00476377
 27.36843779
 28.73211181
 30.09578584
 32.32493085
 35.69476548
 40.43862619
 47.77701166
 55.11539714
 62.45378262
 69.79216810
 77.13055358
 84.46893906
 91.80732453
 97.53586756
103.02918938
108.52251120
114.01583302
119.50915484
125.00247666
130.49579848
135.98912030
140.64650412
144.84478920
149.04307428
155.39500411
169.93564516
184.47628622
199.01692727
212.23738934
222.66691758
 31.85386944
 33.21754346
 34.58121749
 35.94489151
 37.30856554
 40.28995671
 46.71807698
 54.05646245
 61.39484793
 68.73323341
 75.65771901
 82.34212733
 89.02653566
 95.71094398
109.35791936
119.70387448
125.19719630
130.69051812
136.18383994
141.67716176
147.17048358
152.61165887
156.80994395
161.00822903
165.20651411
169.40479918
176.35032427
190.89096532
205.43160638
217.66954603
228.09907427
 37.70297511
 39.06664914
 40.43032316
 41.79399719
 43.15767121
 45.49583138
 52.18023971
 58.86464803
 65.54905636
 72.23346468
 78.91787300
 85.60228133
 92.28668965
 99.39005176
115.90527162
132.42049148
141.87188140
147.36520322
152.85852504
158.35184686
163.84516868
168.77509870
172.97338378
177.17166885
181.36995393
185.56823901
189.76652409
197.30564442
211.84628548
223.10170272
233.53123096
 44.00221156
 45.45725130
 46.91229103
 48.36733077
 49.82237051
 51.76752709
 55.44039371
 62.12480203
 68.80921035
 75.49361868
 82.17802700
 88.86243533
 95.54684365
105.93740402
122.45262387
138.96784373
155.48306359
164.03988832
169.53321014
175.02653196
180.51985378
184.93853852
189.13682360
193.33510868
197.53339376
201.73167884
205.92996392
210.12824900
218.10433117
228.73411065
242.05640170
 50.72950768
 52.18454742
 53.63958716
 55.09462690
 56.54966664
 58.82021009
 61.12215715
 65.38495603
 72.06936435
 78.75377267
 85.43818100
 92.12258932
 98.80699765
112.48475627
128.99997613
145.51519599
162.03041584
178.54563570
186.20789524
191.70121706
196.90369327
201.10197835
205.30026343
209.49854851
213.69683359
217.89511867
219.65715183
218.67165709
225.32719527
244.53189883
257.85418988
 57.45680381
 58.91184354
 60.36688328
 61.82192302
 63.57094604
 65.87289310
 68.17484015
 70.47678720
 75.32951835
 82.01392667
 88.69833499
 95.38274332
102.51688867
119.03210853
135.54732838
152.06254824
168.57776810
185.09298796
201.60820782
208.37590217
213.06713310
217.26541818
221.46370326
221.53429511
220.54880037
219.56330564
218.57781091
217.59231617
231.47479716
253.85286541
273.65197806
 64.18409993
 65.63913967
 67.09417941
 68.54921915
 70.62362904
 72.92557610
 75.22752315
 77.52947021
 79.83141726
 85.27408067
 91.95848899
 98.64289731
109.06424092
125.57946078
142.09468064
158.60990050
175.12512036
191.64034021
208.15556007
224.16035101
223.41143839
222.42594365
221.44044892
220.45495418
219.46945945
218.48396472
217.49846998
216.51297525
237.62239906
260.00046730
282.37853555
 70.91139605
 72.36643579
 73.82147553
 75.37436499
 77.67631205
 79.97825910
 82.28020616
 84.58215321
 86.88410026
 89.18604732
 95.21864299
101.90305131
115.61159318
132.12681304
148.64203290
165.15725275
181.43357454
193.80944035
206.18530617
216.75470002
221.22485615
221.34660273
220.36110800
219.37561326
218.39011853
217.40462379
216.41912906
221.39193270
243.77000095
266.14806920
288.52613744
 77.19510165
 79.09373192
 80.54877166
 82.42704800
 84.72899505
 87.03094210
 89.33288916
 91.63483621
 93.93678327
 96.23873032
 98.54067737
105.64372558
122.15894544
138.64595960
151.02182542
163.39769124
175.77355706
188.14942287
200.52528869
209.34904903
213.81920516
218.28936129
219.28176707
218.29627234
217.31077761
216.32528287
215.33978814
227.53953460
249.91760285
272.29567109
294.67373934
 81.14141727
 85.32631639
 87.27606778
 89.47973100
 91.78167805
 94.08362511
 96.38557216
 98.68751922
100.98946627
102.32231978
102.66381042
108.23421049
120.61007631
132.98594212
145.36180794
157.73767376
170.11353958
182.48940539
194.86527121
201.94339804
206.41355416
210.88371029
215.35386642
217.21693142
216.23143668
215.24594195
214.26044722
233.68713649
256.06520474
278.44327299
300.82134123
 84.59761455
 88.10804473
 88.14390053
 87.77369815
 88.11518879
 88.45667943
 88.79817007
 89.13966071
 89.48115135
 89.82264199
 90.16413262
101.87449322
114.95005883
127.32592464
139.70179046
152.07765628
164.45352210
176.82938791
189.20525373
194.53774704
199.00790317
203.47805930
207.94821543
212.41837156
215.15209576
214.16660103
217.45667014
239.83473839
262.21280664
284.59087488
306.96894313
 83.31510890
 86.82553909
 81.11043518
 75.27402036
 75.61551100
 75.95700164
 76.29849228
 76.63998292
 76.98147356
 77.32296419
 82.10886977
 95.40614992
108.70343007
121.66590716
134.04177298
146.41763880
158.79350462
171.16937043
182.66193992
187.13209605
191.60225218
196.07240831
200.54256444
205.01272057
209.48287669
213.08726010
223.60427204
245.97022807
264.94245518
283.91468230
302.88690941
 82.03260325
 81.68178429
 74.07696982
 66.47215536
 63.11583321
 63.45732385
 63.79881449
 64.14030512
 64.48179576
 64.82328640
 75.64052647
 88.93780662
102.23508677
115.53236691
128.38175550
140.75762132
153.13348714
165.50935295
175.25628893
179.72644506
184.19660119
188.66675732
193.13691344
197.60706957
202.07722570
207.89543269
220.91482451
239.88705162
258.85927874
277.83150585
296.80373297
 80.75009761
 74.64831893
 67.04350447
 59.43869000
 51.83387554
 50.95764605
 51.29913669
 51.64062733
 51.98211797
 55.87490302
 69.17218317
 82.46946331
 95.76674346
109.06402361
122.36130376
135.09760384
147.47346966
159.84933547
167.85063794
172.32079406
176.79095019
181.26110632
185.73126245
191.49560989
197.86479202
204.23397415
218.19883523
233.97102739
252.77610230
271.74832941
290.72055653
 75.21966804
 67.61485358
 60.01003911
 52.40522465
 44.80041018
 38.45796826
 38.79945890
 39.14094954
 39.48244018
 49.40655971
 62.70383986
 76.00112001
 89.29840016
102.59568031
115.89296046
129.19024061
141.81345218
154.18931799
160.44498694
164.91514307
169.38529920
175.09578709
181.46496922
187.83415135
194.20333347
200.57251560
215.60237003
231.37456219
247.14675435
265.66515297
284.63738009
 68.18620269
 60.58138822
 52.97657376
 45.37175929
 37.76694483
 30.16213036
 26.29978111
 26.64127175
 29.64093626
 42.93821641
 56.23549656
 69.53277671
 82.83005686
 96.12733701
109.42461716
122.72189731
136.01917746
148.52930052
153.03933595
158.69596429
165.06514642
171.43432855
177.80351068
184.17269280
190.54187493
197.23371266
213.00590482
228.77809699
244.55028915
260.32248131
278.55420364
 61.15273733
 53.54792287
 45.94310840
 38.33829394
 30.73347947
 23.12866501
 15.52385054
 14.14159395
 23.17259296
 36.46987311
 49.76715326
 63.06443341
 76.36171356
 89.65899371
102.95627386
116.25355400
129.96944324
142.24652265
148.66532362
155.03450575
161.40368788
167.77287000
174.14205213
180.51123426
186.88041639
194.63724746
210.40943962
226.18163178
241.95382395
257.72601611
273.49820827
 54.11927198
 46.51445751
 38.90964305
 31.30482858
 23.70001412
 16.09519965
  8.49038519
  3.58278465
 17.29927636
 31.01576807
 44.73225979
 58.44875150
 72.16524321
 85.88173492
 99.59822663
113.31471835
127.03121006
137.48394570
144.76185571
151.28791927
157.74222933
164.11141146
170.48059359
176.84977572
183.21895784
192.04078225
207.81297442
223.58516658
239.35735874
255.12955091
270.90174307
 47.08580662
 38.57024580
 29.76143621
 20.95262663
 12.14381705
  3.33500746
 -5.47380212
  0.34997497
 14.36104318
 28.07753490
 41.79402661
 55.51051832
 69.22701003
 82.94350175
 96.65999346
110.37648517
122.01929809
132.33362741
140.75112522
147.27718877
153.80325233
160.32931588
166.81913504
173.18831717
179.55749930
189.44431705
205.21650921
220.98870138
236.76089354
252.53308570
266.81838806
 32.62959155
 23.82078197
 15.01197238
  6.20316280
 -2.60564678
-11.41445637
-17.19140190
 -2.93508843
 11.32122503
 25.13930172
 38.85579343
 52.57228515
 66.28877686
 80.00526857
 93.72176028
106.55465047
116.86897979
127.18330911
136.74039473
143.26645828
149.79252184
156.31858539
162.84464895
169.37071250
175.89604076
186.84785185
200.70410587
213.27400932
225.84391277
238.41381621
250.98371966
 17.88012772
  9.07131814
  0.26250855
 -8.54630103
-17.35511061
-26.16392020
-20.47646530
 -6.22015183
  8.03616163
 22.20106854
 35.91756026
 49.63405197
 63.35054368
 77.06703539
 90.78352711
101.40433218
111.71866150
122.03299082
132.34732014
139.25572779
145.78179135
152.30785490
158.83391846
165.35998201
171.10630480
172.50125118
184.86943748
197.43934092
210.00924437
222.57914782
235.14905127
