  0.26928502
  0.26697855
  0.26467207
  0.26236369
  0.26001337
  0.25766305
  0.25531272
  0.25340037
  0.25192673
  0.25045309
  0.24897945
  0.24751429
  0.24607736
  0.24464044
  0.24320352
  0.24176659
  0.24172886
  0.24243842
  0.24314798
  0.24385755
  0.24456711
  0.24493670
  0.24525124
  0.24563934
  0.24643054
  0.24722173
  0.24858938
  0.25006269
  0.25153599
  0.25300929
  0.25448260
  0.26815285
  0.26584638
  0.26353990
  0.26120959
  0.25885927
  0.25650894
  0.25415862
  0.25180830
  0.25028521
  0.24881158
  0.24733794
  0.24589759
  0.24446067
  0.24302374
  0.24158682
  0.24014990
  0.23929244
  0.24000200
  0.24071157
  0.24133592
  0.24165046
  0.24196500
  0.24227953
  0.24269821
  0.24348940
  0.24428060
  0.24507179
  0.24641394
  0.24788724
  0.24936055
  0.25083385
  0.26702068
  0.26471421
  0.26240581
  0.26005549
  0.25770516
  0.25535484
  0.25300452
  0.25065419
  0.24864370
  0.24717006
  0.24571781
  0.24428089
  0.24284397
  0.24140704
  0.23997012
  0.23853320
  0.23709628
  0.23756559
  0.23804968
  0.23836422
  0.23867875
  0.23899329
  0.23930783
  0.23975708
  0.24054827
  0.24133947
  0.24213066
  0.24292185
  0.24423849
  0.24571180
  0.24718510
  0.26588851
  0.26358203
  0.26125171
  0.25890138
  0.25655106
  0.25420074
  0.25185041
  0.24950009
  0.24714977
  0.24553804
  0.24410112
  0.24266419
  0.24122727
  0.23979035
  0.23834436
  0.23687942
  0.23541448
  0.23476344
  0.23507798
  0.23539251
  0.23570705
  0.23602159
  0.23633613
  0.23681595
  0.23760714
  0.23839834
  0.23918953
  0.23998072
  0.24077192
  0.24206305
  0.24353635
  0.26475634
  0.26244793
  0.26009761
  0.25774728
  0.25539696
  0.25304663
  0.25069243
  0.24833042
  0.24596842
  0.24373636
  0.24227142
  0.24080649
  0.23934155
  0.23787661
  0.23641167
  0.23494674
  0.23353653
  0.23281500
  0.23210627
  0.23242081
  0.23273535
  0.23304989
  0.23336443
  0.23387482
  0.23466601
  0.23545720
  0.23624840
  0.23703959
  0.23783079
  0.23862198
  0.23988761
  0.26355652
  0.26128806
  0.25892606
  0.25656405
  0.25420204
  0.25184003
  0.24947803
  0.24711602
  0.24475079
  0.24237439
  0.24033874
  0.23887380
  0.23740886
  0.23594393
  0.23447899
  0.23301405
  0.23188835
  0.23116682
  0.23044530
  0.22972377
  0.22976365
  0.23007819
  0.23039272
  0.23093369
  0.23172488
  0.23251607
  0.23330727
  0.23409846
  0.23488965
  0.23568268
  0.23659457
  0.26262504
  0.26008579
  0.25771165
  0.25534964
  0.25298764
  0.25062563
  0.24826362
  0.24590162
  0.24353027
  0.24115388
  0.23877748
  0.23694112
  0.23547618
  0.23401124
  0.23254631
  0.23108137
  0.23024017
  0.22951864
  0.22879712
  0.22807559
  0.22735407
  0.22710648
  0.22742102
  0.22799255
  0.22878375
  0.22957494
  0.23036614
  0.23119760
  0.23204257
  0.23288754
  0.23392620
  0.26152141
  0.25898217
  0.25649725
  0.25413524
  0.25177323
  0.24941123
  0.24704922
  0.24468616
  0.24230976
  0.23993337
  0.23755697
  0.23518057
  0.23354350
  0.23207856
  0.23061362
  0.22931352
  0.22859199
  0.22787047
  0.22714894
  0.22642742
  0.22570589
  0.22498437
  0.22444932
  0.22505142
  0.22586756
  0.22671253
  0.22755750
  0.22840246
  0.22924743
  0.23009240
  0.23125783
  0.26041779
  0.25787854
  0.25533930
  0.25292084
  0.25055883
  0.24819682
  0.24583481
  0.24346565
  0.24108925
  0.23871286
  0.23633646
  0.23396006
  0.23161081
  0.23014588
  0.22868094
  0.22766534
  0.22694381
  0.22622229
  0.22550076
  0.22477924
  0.22405771
  0.22322336
  0.22228289
  0.22222745
  0.22307242
  0.22391739
  0.22476236
  0.22560732
  0.22645229
  0.22729726
  0.22858946
  0.25931416
  0.25677492
  0.25423567
  0.25170643
  0.24934443
  0.24698242
  0.24462041
  0.24224514
  0.23986874
  0.23749235
  0.23511595
  0.23273955
  0.23036315
  0.22821319
  0.22674826
  0.22601716
  0.22529563
  0.22457411
  0.22367294
  0.22273247
  0.22179200
  0.22085153
  0.22014721
  0.22014862
  0.22027728
  0.22112225
  0.22196722
  0.22281219
  0.22365715
  0.22454569
  0.22592110
  0.25821054
  0.25567129
  0.25313205
  0.25059280
  0.24813002
  0.24576801
  0.24340103
  0.24102463
  0.23864823
  0.23627183
  0.23389544
  0.23151904
  0.22914264
  0.22676625
  0.22506299
  0.22412252
  0.22318205
  0.22224158
  0.22130111
  0.22036064
  0.21942017
  0.21847970
  0.21814721
  0.21814862
  0.21815004
  0.21832711
  0.21917208
  0.22001705
  0.22086201
  0.22187732
  0.22325273
  0.25710691
  0.25456767
  0.25202842
  0.24948918
  0.24694994
  0.24455361
  0.24218051
  0.23980412
  0.23742772
  0.23505132
  0.23258452
  0.23006527
  0.22754602
  0.22502677
  0.22304940
  0.22175069
  0.22081022
  0.21986975
  0.21892928
  0.21798881
  0.21704833
  0.21614579
  0.21614720
  0.21614862
  0.21615004
  0.21615145
  0.21637694
  0.21722191
  0.21806687
  0.21920895
  0.22058436
  0.25600329
  0.25346404
  0.25092480
  0.24838555
  0.24584631
  0.24330073
  0.24078148
  0.23826223
  0.23574298
  0.23322373
  0.23070448
  0.22818523
  0.22566598
  0.22317934
  0.22142519
  0.21967105
  0.21843838
  0.21749791
  0.21655744
  0.21561697
  0.21467650
  0.21414579
  0.21414720
  0.21414862
  0.21415003
  0.21415145
  0.21415286
  0.21442677
  0.21527174
  0.21654058
  0.21791599
  0.25465006
  0.25206015
  0.24947025
  0.24688034
  0.24429043
  0.24159479
  0.23890144
  0.23638219
  0.23386294
  0.23134369
  0.22882444
  0.22630519
  0.22378594
  0.22155513
  0.21980099
  0.21804685
  0.21629271
  0.21512608
  0.21418561
  0.21324514
  0.21230467
  0.21214579
  0.21214720
  0.21214862
  0.21215003
  0.21215145
  0.21215286
  0.21215428
  0.21249681
  0.21389012
  0.21552417
  0.25305947
  0.25046956
  0.24787966
  0.24528975
  0.24269984
  0.23993401
  0.23716140
  0.23450215
  0.23198290
  0.22946365
  0.22694440
  0.22442515
  0.22190591
  0.21993093
  0.21817679
  0.21642265
  0.21466851
  0.21291437
  0.21181378
  0.21087331
  0.21014437
  0.21014578
  0.21014720
  0.21014861
  0.21015003
  0.21015144
  0.21022397
  0.21037668
  0.21084664
  0.21214856
  0.21378262
  0.25146888
  0.24887898
  0.24628907
  0.24369916
  0.24104583
  0.23827323
  0.23550062
  0.23272801
  0.23010287
  0.22758362
  0.22506437
  0.22254512
  0.22006087
  0.21830673
  0.21655259
  0.21479845
  0.21304430
  0.21129016
  0.20953602
  0.20850147
  0.20814437
  0.20814578
  0.20814720
  0.20826909
  0.20842180
  0.20857452
  0.20872723
  0.20887995
  0.20964996
  0.21077270
  0.21204106
  0.24987829
  0.24728839
  0.24469848
  0.24210857
  0.23938505
  0.23661244
  0.23383983
  0.23106723
  0.22829462
  0.22570358
  0.22318433
  0.22066508
  0.21843667
  0.21668253
  0.21492838
  0.21317424
  0.21142010
  0.20966596
  0.20791182
  0.20615673
  0.20631421
  0.20646692
  0.20661964
  0.20677235
  0.20692507
  0.20707778
  0.20723050
  0.20738322
  0.20845328
  0.20957602
  0.21069876
  0.24828770
  0.24569780
  0.24310789
  0.24049687
  0.23772427
  0.23495166
  0.23217905
  0.22940644
  0.22663383
  0.22386123
  0.22130429
  0.21878504
  0.21681247
  0.21505832
  0.21330418
  0.21155004
  0.20978648
  0.20786914
  0.20595179
  0.20453257
  0.20479517
  0.20497019
  0.20512290
  0.20527562
  0.20542834
  0.20558105
  0.20573377
  0.20613386
  0.20725660
  0.20837934
  0.20950208
  0.24672280
  0.24410721
  0.24151730
  0.23883609
  0.23606348
  0.23329087
  0.23051827
  0.22774566
  0.22497305
  0.22220044
  0.21942783
  0.21694240
  0.21518826
  0.21343301
  0.21151567
  0.20959832
  0.20768098
  0.20576363
  0.20384629
  0.20290842
  0.20317102
  0.20343362
  0.20362617
  0.20377889
  0.20393160
  0.20408432
  0.20423703
  0.20493718
  0.20605992
  0.20718266
  0.20830540
  0.24529327
  0.24254527
  0.23992671
  0.23717531
  0.23440270
  0.23163009
  0.22885748
  0.22608487
  0.22331227
  0.22050946
  0.21767575
  0.21516219
  0.21324485
  0.21132751
  0.20941016
  0.20749282
  0.20557548
  0.20365813
  0.20174079
  0.20128426
  0.20154686
  0.20180946
  0.20207206
  0.20228215
  0.20243487
  0.20258758
  0.20274030
  0.20374050
  0.20486324
  0.20598598
  0.20710872
  0.24383612
  0.24105013
  0.23811400
  0.23524155
  0.23240784
  0.22957413
  0.22674042
  0.22390672
  0.22107301
  0.21823930
  0.21540559
  0.21320483
  0.21113935
  0.20922201
  0.20730466
  0.20538732
  0.20346997
  0.20155263
  0.19963529
  0.19966010
  0.19992271
  0.20018531
  0.20044791
  0.20071051
  0.20093813
  0.20109085
  0.20142108
  0.20254382
  0.20366656
  0.20478930
  0.20591204
  0.24211204
  0.23932605
  0.23614142
  0.23297139
  0.23013769
  0.22730398
  0.22447027
  0.22163656
  0.21880286
  0.21596915
  0.21338288
  0.21127046
  0.20915804
  0.20711650
  0.20519916
  0.20328182
  0.20136447
  0.19944713
  0.19777335
  0.19803595
  0.19829855
  0.19856115
  0.19882375
  0.19908635
  0.19934895
  0.19959412
  0.20022440
  0.20134776
  0.20264356
  0.20393937
  0.20523518
  0.24038797
  0.23743513
  0.23416884
  0.23090254
  0.22786753
  0.22503383
  0.22220012
  0.21936641
  0.21653270
  0.21369900
  0.21144851
  0.20933609
  0.20722367
  0.20511125
  0.20309366
  0.20117631
  0.19925897
  0.19734163
  0.19614919
  0.19641179
  0.19667439
  0.19693700
  0.19719960
  0.19746220
  0.19772480
  0.19832728
  0.19947678
  0.20077259
  0.20206839
  0.20336420
  0.20466001
  0.23866389
  0.23546255
  0.23219626
  0.22892996
  0.22566367
  0.22276367
  0.21992997
  0.21709626
  0.21426255
  0.21162655
  0.20951414
  0.20740172
  0.20528930
  0.20317688
  0.20106446
  0.19907081
  0.19715347
  0.19523613
  0.19452504
  0.19478764
  0.19505024
  0.19531284
  0.19557544
  0.19616434
  0.19690573
  0.19764713
  0.19886470
  0.20019558
  0.20149323
  0.20278903
  0.20408484
  0.23675626
  0.23348997
  0.23022367
  0.22695738
  0.22369109
  0.22049352
  0.21765981
  0.21482610
  0.21199240
  0.20969218
  0.20757977
  0.20546735
  0.20335493
  0.20124251
  0.19913009
  0.19701768
  0.19504797
  0.19313062
  0.19290088
  0.19316348
  0.19342608
  0.19400140
  0.19474280
  0.19548419
  0.19622558
  0.19696697
  0.19825132
  0.19958220
  0.20091308
  0.20221386
  0.20350967
  0.23478368
  0.23151739
  0.22825109
  0.22498480
  0.22171851
  0.21845222
  0.21538966
  0.21255595
  0.20987023
  0.20775781
  0.20564540
  0.20353298
  0.20142056
  0.19930814
  0.19719572
  0.19508331
  0.19297089
  0.19102512
  0.19127673
  0.19183847
  0.19257986
  0.19332125
  0.19406265
  0.19480404
  0.19554543
  0.19630705
  0.19763793
  0.19896882
  0.20029970
  0.20163058
  0.20293450
  0.23281110
  0.22954480
  0.22627851
  0.22301222
  0.21974593
  0.21647964
  0.21321334
  0.21028580
  0.20793586
  0.20582345
  0.20371103
  0.20159861
  0.19948619
  0.19737377
  0.19526135
  0.19314894
  0.19109976
  0.18971265
  0.19041692
  0.19115832
  0.19189971
  0.19264110
  0.19338249
  0.19412389
  0.19486528
  0.19569367
  0.19702455
  0.19835543
  0.19968631
  0.20101720
  0.20234808
  0.23083852
  0.22757222
  0.22430593
  0.22103964
  0.21777335
  0.21450706
  0.21124076
  0.20814047
  0.20609139
  0.20404230
  0.20199321
  0.19994413
  0.19789504
  0.19584595
  0.19379687
  0.19174778
  0.18969869
  0.18945154
  0.18991783
  0.19054185
  0.19121956
  0.19196095
  0.19270234
  0.19344374
  0.19418513
  0.19508028
  0.19641117
  0.19774205
  0.19907293
  0.20040381
  0.20173469
  0.22886593
  0.22562318
  0.22238799
  0.21915281
  0.21591763
  0.21268245
  0.20944727
  0.20684351
  0.20469032
  0.20264123
  0.20059214
  0.19854306
  0.19649397
  0.19444488
  0.19239580
  0.19034671
  0.18944251
  0.18927177
  0.18949898
  0.19012300
  0.19074703
  0.19137105
  0.19202219
  0.19276359
  0.19350498
  0.19446690
  0.19579778
  0.19712866
  0.19845954
  0.19979043
  0.20114069
  0.22708515
  0.22384997
  0.22061479
  0.21737960
  0.21414442
  0.21090924
  0.20780489
  0.20556502
  0.20332515
  0.20124016
  0.19919108
  0.19714199
  0.19509290
  0.19304382
  0.19099473
  0.18943348
  0.18926274
  0.18909200
  0.18908013
  0.18970416
  0.19032818
  0.19095221
  0.19157623
  0.19220025
  0.19282483
  0.19385351
  0.19520937
  0.19658199
  0.19795462
  0.19932724
  0.20069987
  0.22531194
  0.22207676
  0.21884158
  0.21560640
  0.21237122
  0.20913603
  0.20652640
  0.20428653
  0.20204666
  0.19983910
  0.19779001
  0.19574092
  0.19369184
  0.19164275
  0.18959366
  0.18925372
  0.18908298
  0.18891224
  0.18874150
  0.18928531
  0.18990933
  0.19053336
  0.19115738
  0.19178141
  0.19245478
  0.19340357
  0.19476855
  0.19614117
  0.19751379
  0.19888642
  0.20025904
