
*********************************************************
***** Writing the solution to output.exo
*********************************************************
           Step size           grad'*dir           FD approx           abs error
           ---------           ---------           ---------           ---------
   1.00000000000e+00  -1.84926773490e-04  -1.81681003224e-04   3.24577026560e-06
   1.00000000000e-01  -1.84926773490e-04  -1.84593415450e-04   3.33358039874e-07
   1.00000000000e-02  -1.84926773490e-04  -1.84840909414e-04   8.58640753851e-08
   1.00000000000e-03  -1.84926773490e-04  -1.84392914793e-04   5.33858696820e-07
   1.00000000000e-04  -1.84926773490e-04  -1.84709145010e-04   2.17628479460e-07
   1.00000000000e-05  -1.84926773490e-04  -1.86675376719e-04   1.74860322924e-06
   1.00000000000e-06  -1.84926773490e-04  -1.96131146046e-04   1.12043725565e-05
   1.00000000000e-07  -1.84926773490e-04  -2.39203396674e-04   5.42766231838e-05
   1.00000000000e-08  -1.84926773490e-04   4.42549642765e-04   6.27476416255e-04
   1.00000000000e-09  -1.84926773490e-04  -8.43473381418e-03   8.24980704069e-03
   1.00000000000e-10  -1.84926773490e-04  -1.72021771827e-02   1.70172504092e-02
   1.00000000000e-11  -1.84926773490e-04   6.60720610168e-01   6.60905536942e-01
   1.00000000000e-12  -1.84926773490e-04  -1.04877218021e+01   1.04875368753e+01

Truncated CG Trust-Region Solver
  iter  value          gnorm          snorm          delta          #fval     #grad     tr_flag   iterCG    flagCG    
  0     8.284298e-03   1.482584e-05                  1.000000e+02   
  1     8.284298e-03   1.482584e-05   1.000000e+02   2.500000e+01   2         2         0         1         2         
  2     8.284298e-03   1.482584e-05   2.500000e+01   6.250000e+00   3         3         0         1         2         
  3     8.284298e-03   1.482584e-05   6.250000e+00   1.562500e+00   4         4         0         1         2         
  4     8.284298e-03   1.482584e-05   1.562479e+00   3.906196e-01   5         5         0         3         2         
  5     8.284298e-03   1.482584e-05   3.906196e-01   9.765491e-02   6         6         0         1         2         
  6     8.284298e-03   1.482584e-05   9.760807e-02   9.407919e-03   7         6         2         3         2         
  7     8.284278e-03   1.482579e-05   9.236709e-03   9.407919e-03   8         7         0         6         3         
  8     8.284139e-03   1.482537e-05   9.407919e-03   2.351980e-02   9         8         0         1         2         
  9     8.283790e-03   1.482433e-05   2.351980e-02   5.879950e-02   10        9         0         1         3         
  10    8.282919e-03   1.482174e-05   5.879950e-02   1.469987e-01   11        10        0         1         2         
  11    8.280740e-03   1.481526e-05   1.469987e-01   3.674968e-01   12        11        0         1         2         
  12    8.275299e-03   1.479907e-05   3.674968e-01   9.187421e-01   13        12        0         1         3         
  13    8.261721e-03   1.475867e-05   9.187421e-01   2.296855e+00   14        13        0         1         2         
  14    8.227938e-03   1.465823e-05   2.296855e+00   5.742138e+00   15        14        0         1         3         
  15    8.144482e-03   1.441050e-05   5.742138e+00   1.435535e+01   16        15        0         1         3         
  16    7.941947e-03   1.381164e-05   1.435535e+01   3.588836e+01   17        16        0         1         3         
  17    7.471476e-03   1.243460e-05   3.588836e+01   8.972091e+01   18        17        0         1         3         
  18    6.487806e-03   9.631571e-06   8.972091e+01   2.243023e+02   19        18        0         1         3         
  19    4.867088e-03   5.321521e-06   2.243023e+02   5.607557e+02   20        19        0         1         3         
  20    3.388597e-03   1.804214e-06   5.607557e+02   1.401889e+03   21        20        0         2         3         
  21    3.169941e-03   1.133926e-06   6.264520e+02   1.401889e+03   22        21        0         24        2         
  22    2.961098e-03   4.979544e-07   1.117936e+03   1.401889e+03   23        22        0         8         3         
  23    2.961098e-03   4.979544e-07   1.444658e+03   8.761808e+01   24        22        2         5         2         
  24    2.922043e-03   3.979387e-07   8.761808e+01   2.190452e+02   25        23        0         1         3         
  25    2.858064e-03   2.155878e-07   2.190452e+02   5.476130e+02   26        24        0         1         3         
  26    2.833030e-03   1.363478e-07   5.476130e+02   5.476130e+02   27        25        0         2         3         
  27    2.833030e-03   1.363478e-07   2.874629e+02   7.186571e+01   28        25        2         19        2         
  28    2.824942e-03   8.937969e-08   7.186571e+01   1.796643e+02   29        26        0         1         3         
  29    2.820852e-03   6.165283e-08   1.796643e+02   1.796643e+02   30        27        0         2         3         
  30    2.819353e-03   3.950557e-08   1.297429e+02   1.796643e+02   31        28        0         14        3         
  31    2.819353e-03   3.950557e-08   1.344542e+02   1.122902e+01   32        28        2         5         2         
  32    2.818951e-03   3.220356e-08   1.122902e+01   2.807254e+01   33        29        0         1         3         
  33    2.818301e-03   1.436850e-08   2.807254e+01   7.018136e+01   34        30        0         1         3         
  34    2.818301e-03   1.436850e-08   7.149665e+01   4.386335e+00   35        30        2         9         2         
  35    2.818244e-03   1.166959e-08   4.386335e+00   1.096584e+01   36        31        0         1         3         
  36    2.818153e-03   5.111966e-09   1.096584e+01   2.741459e+01   37        32        0         1         3         
  37    2.818153e-03   5.111966e-09   2.719858e+01   1.713412e+00   38        32        2         45        2         
  38    2.818145e-03   4.172943e-09   1.713412e+00   4.283530e+00   39        33        0         1         3         
  39    2.818132e-03   2.046006e-09   4.283530e+00   1.070883e+01   40        34        0         1         3         
  40    2.818127e-03   2.410631e-09   1.070883e+01   1.070883e+01   41        35        0         2         3         
  41    2.818127e-03   2.410631e-09   1.092168e+01   6.693016e-01   42        35        2         5         2         
  42    2.818126e-03   1.890395e-09   6.693016e-01   1.673254e+00   43        36        0         1         3         
  43    2.818124e-03   7.948652e-10   1.673254e+00   4.183135e+00   44        37        0         1         3         
Optimization Terminated with Status: Converged
