57.9590113952885
58.5387776669428
59.1130369555325
59.6817373541446
60.244830762773
60.8022727683429
61.3540225263388
61.900042644063
62.4402990655433
62.9747609581092
63.503400600654
64.0261932735976
64.5431171505616
65.0541531917677
65.5592850391699
66.0584989133257
66.5517835120119
67.0391299105898
67.5205314641218
67.9959837112384
68.4654842797564
68.9290327940459
69.3866307841416
69.8382815965944
70.2839903070561
70.7237636345914
71.1576098577078
71.5855387320931
72.0075614100527
72.4236903616322
72.833939297415
73.2383230929805
73.6368577150101
74.0295601490251
74.4164483287418
74.7975410670267
75.1728579884368
75.5424194633258
75.9062465434992
76.2643608994002
76.6167847588073
76.9635408470241
77.3046523285423
77.6401427501574
77.9700359855178
78.2943561810861
78.6131277034913
78.9263750882534
79.2341229898561
79.5363961331499
79.8332192660612
80.1246171135882
80.410614333062
80.6912354706507
80.9665049190856
81.2364468765894
81.5010853069829
81.7604439009516
82.0145460384497
82.2634147522217
82.50707269242
82.7455420922994
82.9788447349672
83.2070019211701
83.4300344380974
83.6479625291816
83.8608058648776
84.0685835144012
84.2713139184097
84.4690148626048
84.661703452243
84.8493960875332
85.0321084399071
85.2098554291453
85.3826512013429
85.5505091077003
85.7134416841224
85.8714606316141
86.0245767974565
86.1728001571506
86.3161397971172
86.4546038981379
86.588199719528
86.716933584029
86.8408108634097
86.9598359647667
87.0740123175142
87.1833423610546
87.2878275331215
87.387468258787
87.4822639401278
87.5722129465414
87.6573126057089
87.7375591951976
87.8129479347004
87.8834729789064
87.9491274110019
88.0099032367966
88.0657913794758
88.1167816749755
88.1628628679811
88.2040226085492
88.2402474493538
88.2715228435587
88.2978331433172
88.3191615989035
88.3354903584789
88.3468004684962
88.3530718747489
88.3542834240695
88.3504128666842
88.3414368592307
88.3273309684462
88.3080696755357
88.2836263812278
88.2539734115289
88.2190820241859
88.1789224158689
88.1334637300849
88.0826740658356
88.0265204870323
87.9649690326812
87.8979847278545
87.8255315954607
87.7475726688312
87.6640700051394
87.5749846996679
87.4802769009428
87.3799058267522
87.2738297810681
87.1620061718904
87.044391530034
86.920941528878
86.7916110050981
86.656353980405
86.5151236843091
86.3678725779349
86.2145523789074
86.0551140873353
85.8895080129127
85.7176838031658
85.5395904728679
85.3551764346481
85.1643895308202
84.9671770664562
84.7634858437319
84.5532621975703
84.3364520326104
84.1130008615277
83.882853844735
83.6459558314896
83.4022514024364
83.1516849136135
82.8942005419492
82.6297423322794
82.3582542459114
82.0796802107656
81.7939641731219
81.5010501509985
81.2008822891945
80.893404916021
80.5785626017521
80.2563002188224
79.9265630037989
79.5892966211564
79.244447228882
78.8919615459382
78.5317869216093
78.1638714067593
77.7881638270264
77.4046138579806
77.0131721022686
76.613790168771
76.2064207537964
75.7910177243346
75.3675362033922
74.9359326574319
74.4961649859373
74.0481926131228
73.5919765818074
73.1274796494715
72.6546663865132
72.1735032767206
71.6839588199742
71.1860036371941
70.6796105775432
70.1647548278985
69.6414140245989
69.1095683674778
68.5692007361882
68.0202968088223
67.4628451828318
66.8968374982477
66.3222685631999
65.7391364817346
65.1474427839229
64.5471925582565
63.9383945863191
63.3210614797234
62.6952098193002
