34.242356791688
34.5847290863572
34.9235255455055
35.2586991204527
35.5902065816477
35.918008398723
36.2420686221542
36.5623547665491
36.8788376955864
37.1914915086229
37.500293428987
37.8052236939725
38.1062654465447
38.403404628771
38.6966298769838
38.9859324186833
39.2713059711852
39.5527466420179
39.8302528310697
40.1038251344888
40.373466250333
40.6391808859688
40.9009756672145
41.1588590492243
41.4128412291051
41.6629340602609
41.9091509684549
42.1515068695801
42.3900180891283
42.624702283346
42.8555783620644
43.0826664131909
43.3059876288474
43.5255642331416
43.7414194115547
43.9535772419306
44.1620626270486
44.3669012287633
44.5681194036932
44.7657441404397
44.9598029983187
45.1503240475836
45.3373358111227
45.5208672076082
45.7009474960793
45.8776062219373
46.0508731643328
46.2207782849232
46.3873516779805
46.5506235218285
46.7106240315862
46.8673834131986
47.020931818732
47.1712993029127
47.3185157808887
47.4626109871919
47.6036144358801
47.7415553818389
47.8764627832205
48.0083652650006
48.1372910836313
48.2632680927708
48.3863237100696
48.5064848849921
48.6237780676563
48.7382291786695
48.8498635799436
48.9587060464699
49.0647807390347
49.1681111778596
49.2687202171472
49.366630020515
49.461862037303
49.5544369797352
49.6443748009227
49.7316946736903
49.8164149702133
49.8985532424493
49.9781262033513
50.055149708849
50.1296387405849
50.2016073893936
50.2710688395111
50.3380353535052
50.4025182579138
50.4645279295835
50.5240737826963
50.5811642564788
50.6358068035823
50.6880078791289
50.737772930415
50.7851063872659
50.8300116530368
50.8724910962542
50.9125460428927
50.9501767692856
50.9853824956629
51.0181613803179
51.048510514397
51.0764259173143
51.1019025327891
51.1249342255072
51.1455137784059
51.1636328905859
51.1792821758506
51.1924511618769
51.2031282900206
51.2113009157615
51.2169553097915
51.2200766597533
51.2206490726351
51.2186555778282
51.2140781308559
51.2068976177813
51.1970938603042
51.1846456215554
51.1695306126005
51.1517254996628
51.1312059120783
51.1079464509941
51.0819206988245
51.0531012294777
51.0214596193675
50.9869664592256
50.9495913667295
50.909302999963
50.8660690717251
50.8198563647062
50.7706307475484
50.7183571918094
50.6629997898487
50.6045217736568
50.5428855346465
50.4780526444281
50.4099838765901
50.3386392295064
50.2639779501938
50.185958559241
50.1045388768346
50.0196760499044
49.9313265804124
49.8394463548118
49.743990674699
49.6449142886855
49.5421714255157
49.4357158284556
49.3255007909804
49.2114791937868
49.0936035431583
48.9718260107092
48.846098474537
48.716372561809
48.5825996928131
48.444731126499
48.3027180075403
48.1565114149433
48.0060624122338
47.8513220992478
47.6922416655565
47.5287724455533
47.3608659752307
47.1884740506769
47.0115487883184
46.8300426869384
46.6439086914971
46.4531002587834
46.2575714249228
46.0572768747706
45.8521720132164
45.6422130384244
45.4273570170379
45.2075619613708
44.9827869086116
44.7529920020644
44.5181385744491
44.2781892332838
44.0331079483721
43.7828601414147
43.5274127777666
43.2667344603593
43.0007955258045
42.7295681426989
42.4530264121437
42.1711464704961
41.8839065943637
41.5912873078569
41.2932714921079
40.9898444970674
40.6809942555865
40.3667113997892
40.0469893797424
39.7218245844243
39.3912164649938
39.0551676603596
38.7136841250462
38.3667752593532
38.0144540417998
37.6567371638465
37.2936451668817
36.9252025814612
