60.9191354102972
61.5279233224646
62.1297544707127
62.7245908499792
63.3123983877456
63.8931468146465
64.466809536984
65.0333635111659
65.5927891200847
66.1450700514533
66.6901931781085
67.2281484402939
67.7589287299293
68.2825297768744
68.7989500371909
69.3081905834047
69.8102549967709
70.3051492615398
70.7928816612225
71.2734626768507
71.7469048872275
72.2132228711612
72.6724331116746
73.12455390218
73.5696052546102
74.0076088094935
74.4385877479595
74.8625667056624
75.2795716886075
75.6896299908641
76.0927701141488
76.4890216892623
76.8784153993606
77.2609829050422
77.6367567712323
78.0057703958424
78.3680579401861
78.723654261129
79.0725948449503
79.4149157428963
79.7506535083994
80.0798451359439
80.4025280015513
80.7187398048648
81.0285185128069
81.3319023047872
81.6289295194362
81.9196386028401
82.2040680582525
82.4822563972594
82.7542420923709
83.0200635310172
83.2797589709231
83.533366496837
83.7809239785897
84.022469030459
84.2580389718162
84.4876707890294
84.7114010986019
84.9292661115196
85.1413015987858
85.3475428581198
85.5480246817969
85.742781325606
85.9318464789044
86.1152532357466
86.2930340670664
86.4652207938907
86.6318445615648
86.792935814968
86.9485242747014
87.0986389142263
87.2433079379358
87.3825587601408
87.5164179849517
87.6449113870397
87.7680638932593
87.8858995651165
87.9984415820663
88.1057122256248
88.2077328642803
88.3045239391896
88.3961049506463
88.4824944453069
88.5637100041639
88.6397682312526
88.7106847430809
88.7764741587722
88.8371500909099
88.8927251370764
88.943210872075
88.9886178408302
89.0289555519555
89.064232471984
89.0944560202565
89.1196325644588
89.1397674168064
89.154864830871
89.1649279990456
89.169959050646
89.1699590506461
89.1649279990459
89.1548648308716
89.1397674168072
89.1196325644598
89.0944560202577
89.0642324719854
89.028955551957
88.988617840832
88.9432108720769
88.8927251370784
88.8371500909122
88.7764741587746
88.7106847430836
88.6397682312554
88.5637100041668
88.4824944453099
88.3961049506494
88.3045239391929
88.2077328642837
88.1057122256283
87.9984415820699
87.8858995651203
87.7680638932632
87.6449113870437
87.5164179849557
87.3825587601449
87.2433079379399
87.0986389142304
86.9485242747055
86.7929358149721
86.6318445615689
86.4652207938949
86.2930340670706
86.1152532357508
85.9318464789086
85.7427813256101
85.5480246818009
85.3475428581238
85.1413015987896
84.9292661115234
84.7114010986056
84.4876707890329
84.2580389718195
84.0224690304623
83.7809239785928
83.53336649684
83.2797589709259
83.0200635310197
82.7542420923732
82.4822563972615
82.2040680582544
81.9196386028417
81.6289295194376
81.3319023047884
81.0285185128079
80.7187398048656
80.4025280015519
80.0798451359442
79.7506535083996
79.4149157428962
79.0725948449501
78.7236542611285
78.3680579401854
78.0057703958414
77.6367567712311
77.2609829050408
76.878415399359
76.4890216892606
76.0927701141469
75.6896299908619
75.2795716886051
74.8625667056598
74.4385877479566
74.0076088094905
73.569605254607
73.1245539021766
72.672433111671
72.2132228711575
71.7469048872236
71.2734626768467
70.7928816612184
70.3051492615355
69.8102549967664
69.3081905834002
68.7989500371864
68.2825297768698
67.7589287299246
67.2281484402892
66.6901931781038
66.1450700514485
65.5927891200799
65.0333635111611
64.4668095369792
63.8931468146416
63.3123983877408
62.7245908499745
62.1297544707081
61.5279233224599
60.9191354102926
