2.73856536773905
2.75521627799102
2.77025799815448
2.78374251599653
2.79572107279606
2.80624415565861
2.81536148933991
2.82312202981325
2.8295739583948
2.83476467660454
2.83874080235264
2.84154816628957
2.84323180958757
2.84383598182145
2.84340414010611
2.8419789486886
2.83960227903872
2.83631521096827
2.83215803400917
2.82717024954057
2.82139057341376
2.81485693910687
2.80760650150651
2.79967564089601
2.79109996770668
2.78191432758084
2.77215280664881
2.76184873761841
2.75103470584299
2.73974255588301
2.7280033985211
2.71584761775871
2.70330487855848
2.69040413422718
2.67717363480383
2.66364093502876
2.64983290277701
2.63577572784755
2.62149493060405
2.60701537095061
2.59236125757115
2.57755615692479
2.56262300284595
2.54758410576082
2.53246116232941
2.51727526498335
2.50204691157685
2.48679601509396
2.47154191327567
2.45630337842006
2.44109862711732
2.42594532979169
2.41086062070779
2.3958611072783
2.38096287994885
2.36618152161774
2.35153211718549
2.33702926293413
2.32268707590249
2.30851920317881
2.29453883094025
2.28075869346594
2.26719108226949
2.25384785460323
2.24074044223904
2.2278798600708
2.21527671423659
2.20294121052574
2.19088316232624
2.1791119984552
2.16763677093379
2.15646616241854
2.14560849360011
2.13507173016079
2.12486348987889
2.11499104927762
2.10546135009724
2.09628100559471
2.08745630668322
2.07899322774734
2.07089743223547
2.06317427807054
2.05582882286835
2.04886582880449
2.04228976730433
2.03610482348964
2.03031490031143
2.02492362271279
2.01993434097366
2.01535013443364
2.01117381453586
2.00740792782461
2.00405475855622
2.00111633105422
1.99859441196318
1.99649051209317
1.99480588792449
1.99354154305205
1.99269822923366
1.99227644722407
1.99227644723725
1.99269822924854
1.9935415430451
1.9948058879176
1.99649051210387
1.9985944119772
2.00111633104097
2.00405475855208
2.0074079278334
2.0111738145406
2.01535013441993
2.01993434096449
2.02492362272392
2.03031490033547
2.03610482347531
2.04228976731177
2.04886582881167
2.05582882288263
2.06317427806686
2.07089743222577
2.07899322775073
2.08745630668299
2.09628100559649
2.10546135010213
2.1149910492876
2.12486348989621
2.13507173015957
2.14560849359361
2.15646616243231
2.16763677093843
2.1791119984598
2.1908831623086
2.20294121053434
2.21527671424005
2.22787986007823
2.24074044226438
2.25384785459947
2.26719108227431
2.28075869347043
2.29453883093458
2.30851920318567
2.32268707591214
2.33702926293107
2.35153211718389
2.36618152161489
2.38096287997085
2.39586110727936
2.41086062070558
2.42594532979941
2.44109862710731
2.45630337842816
2.47154191328007
2.48679601509894
2.50204691157418
2.51727526497862
2.5324611623329
2.5475841057618
2.56262300284877
2.57755615693695
2.59236125755225
2.60701537095557
2.62149493060405
2.63577572785804
2.64983290277879
2.66364093502078
2.67717363479865
2.69040413421881
2.70330487854679
2.71584761778016
2.72800339851621
2.73974255588631
2.75103470583458
2.76184873761496
2.77215280664461
2.78191432757948
2.79109996770403
2.79967564088466
2.80760650150616
2.81485693910791
2.82139057340732
2.82717024954978
2.8321580340064
2.83631521096423
2.83960227902272
2.84197894868159
2.84340414010895
2.84383598181599
2.84323180957908
2.84154816631037
2.83874080234273
2.83476467661647
2.82957395837313
2.82312202981021
2.81536148932878
2.80624415565345
2.79572107279134
2.78374251600946
2.77025799814962
2.75521627799506
2.73856536773029
