 -7.07823399
 -6.95793899
 -6.87387348
 -6.96407494
 -7.70460174
 -6.99201243
 -7.13124078
 -6.95335433
 -6.81243698
 -6.85510001
 -6.83962572
 -7.04495225
 -7.52735607
 -7.12434665
 -6.83099087
 -7.34510036
 -7.80145740
 -7.79587355
 -8.33710836
 -8.35565670
 -8.69171038
 -8.70289066
 -8.40957121
 -7.88707550
 -8.18686160
 -8.75641290
 -9.28615822
 -9.54806542
 -9.43071842
 -9.38426406
 -9.98721025
 -7.05111772
 -6.93082273
 -6.90418804
 -7.03050647
 -7.26304395
 -7.57670124
 -7.12051803
 -6.76224226
 -6.56562120
 -7.12506442
 -6.95745258
 -6.84177401
 -7.33534469
 -7.66439858
 -7.07429123
 -7.50857903
 -7.35702709
 -7.58903557
 -8.04118243
 -8.06226748
 -8.46639949
 -8.46553731
 -7.99437205
 -7.79051435
 -8.25158034
 -8.72733043
 -9.19450748
 -9.53108832
 -9.43041991
 -9.61902664
-10.12712440
 -7.02400146
 -6.90370646
 -6.92129277
 -6.89412140
 -6.88244187
 -6.66390681
 -7.49009195
 -7.44635250
 -6.47651747
 -6.39138140
 -6.24549516
 -6.87770097
 -7.23772862
 -7.04814424
 -7.21993256
 -7.42399083
 -7.62023954
 -7.53815673
 -8.31007691
 -8.14572997
 -8.52132230
 -8.35344120
 -7.90472469
 -7.83805964
 -8.38565353
 -8.75733308
 -9.16261156
 -9.53781488
 -9.48621812
 -9.64897822
-10.14022824
 -6.99688520
 -6.87863464
 -6.94543517
 -6.79239653
 -6.97938770
 -6.94932657
 -8.25074786
 -5.90988645
 -5.83463748
 -6.07526212
 -6.17600073
 -6.04371482
 -6.25225287
 -6.40996832
 -6.04100459
 -6.62466178
 -7.33741330
 -7.24763274
 -8.13200051
 -8.22383013
 -8.41580969
 -8.26812023
 -8.07585241
 -8.21302732
 -8.60859999
 -8.83235031
 -9.25817204
 -9.53003152
 -9.51779291
 -9.61266413
 -9.96214956
 -6.96976893
 -6.91017026
 -6.97236378
 -6.79320671
 -7.05771573
 -7.32672910
 -8.33747682
 -4.46226491
 -5.41222562
 -5.83429923
 -6.14321477
 -6.44488975
 -6.57305369
 -6.72508803
 -6.91321268
 -7.21422390
 -7.60605089
 -7.33127328
 -7.66662115
 -7.91887765
 -7.96298670
 -7.92790760
 -8.23035117
 -8.65532334
 -8.52118595
 -8.79655348
 -9.30141225
 -9.50130092
 -9.49205688
 -9.46778331
 -9.58730740
 -6.94265267
 -6.94170588
 -6.99929238
 -6.81765347
 -7.04799882
 -7.33289841
 -5.90595070
 -5.57833912
 -5.59037629
 -5.95322892
 -6.11566308
 -6.40321496
 -6.97376883
 -6.62537516
 -6.91421218
 -7.14954507
 -7.16853372
 -7.85563292
 -7.47881909
 -8.15431979
 -8.32828813
 -8.10092800
 -8.24628773
 -8.61649288
 -8.54868197
 -8.71629303
 -9.25528430
 -9.45990698
 -9.34814722
 -9.26799230
 -9.24221089
 -6.91553641
 -6.97324151
 -7.02622099
 -6.84210024
 -7.03828190
 -7.22616929
 -7.24147253
 -6.47452936
 -6.23275431
 -6.40952789
 -6.22794018
 -6.65689854
 -6.76791795
 -7.24636321
 -6.77554421
 -7.61010075
 -7.40560595
 -7.62294617
 -7.67975243
 -8.13785153
 -8.30257722
 -8.01274431
 -8.02028083
 -8.27124474
 -8.49266895
 -8.64009727
 -8.99072318
 -9.40419364
 -9.27230722
 -9.18430919
 -9.11313901
 -6.91493142
 -7.00477713
 -7.05314960
 -6.86654700
 -6.90064557
 -7.20005857
 -7.92098277
 -6.78964408
 -6.80667690
 -6.53798863
 -6.82574553
 -6.59806407
 -6.65853762
 -7.27823876
 -7.33590266
 -7.82683678
 -7.34778624
 -7.54572041
 -7.84932431
 -7.96777941
 -8.04159140
 -7.94363787
 -8.15914030
 -8.17158242
 -8.33720563
 -8.67653519
 -9.11013628
 -9.34557351
 -9.29560210
 -9.19648366
 -9.01692710
 -6.94646704
 -7.03631276
 -7.08007820
 -6.89099377
 -6.79892070
 -7.06144631
 -8.17685493
 -7.62458873
 -7.11709282
 -6.58917505
 -6.49716865
 -6.87257161
 -7.41162836
 -7.13911306
 -7.36559642
 -7.51422450
 -7.34154091
 -7.92363039
 -7.85992639
 -8.11118878
 -8.02921582
 -8.07781679
 -8.37915890
 -8.28664261
 -8.52614612
 -8.83955282
 -9.26993844
 -9.51234533
 -9.36027280
 -9.29161406
 -9.25210773
 -6.97800267
 -7.06784838
 -7.10700681
 -6.91544053
 -6.69719583
 -7.02411015
 -6.64732142
 -6.88056900
 -6.90101195
 -7.13591476
 -7.33356281
 -6.87626087
 -7.13759257
 -6.75804357
 -7.61626725
 -7.55045034
 -7.63686917
 -7.73480738
 -7.84161117
 -8.31209772
 -7.97520932
 -8.16437035
 -8.57351208
 -8.67035628
 -8.81659347
 -9.03077837
 -9.25111075
 -9.44686592
 -9.39858937
 -9.42891660
 -9.43009183
 -7.00953829
 -7.09938400
 -7.13393542
 -6.93988729
 -6.69389463
 -7.04396230
 -6.29966374
 -5.95320563
 -6.64668335
 -6.87261799
 -6.95286047
 -6.99869087
 -7.51912386
 -7.24910584
 -7.82536252
 -7.64635252
 -7.75469412
 -7.87468375
 -8.03651470
 -8.22946290
 -8.19664152
 -8.51120425
 -8.80096127
 -8.87350719
 -8.76479349
 -8.76617973
 -8.98953333
 -9.19507863
 -9.43991423
 -9.54697909
 -9.67487850
 -7.04107392
 -7.13091963
 -7.16086402
 -6.96433406
 -6.71834140
 -6.57932623
 -6.04954030
 -5.90484014
 -6.24770341
 -6.67427320
 -6.88406818
 -7.31402618
 -7.39369749
 -7.46621592
 -7.64781978
 -7.58198023
 -8.02731610
 -8.20983319
 -8.00627968
 -8.10143454
 -8.35213658
 -8.59966448
 -8.52091865
 -8.66367366
 -8.64038356
 -8.76182636
 -8.96413346
 -9.06110572
 -9.34635089
 -9.61548433
 -9.86565081
 -7.07260954
 -7.14969793
 -7.18779263
 -6.98878082
 -6.74278816
 -6.54374511
 -6.33318649
 -6.78937991
 -6.55254229
 -6.98102908
 -6.90658643
 -7.32458353
 -7.46703384
 -7.43600502
 -7.74370331
 -7.56598815
 -7.94250120
 -7.90470736
 -7.89737003
 -7.99518218
 -8.20923168
 -8.54964552
 -8.12842749
 -8.19734688
 -8.65139210
 -8.84528152
 -8.88929067
 -8.99726336
 -9.32494527
 -9.61722486
 -9.90744195
 -7.10414516
 -7.16680266
 -7.21472124
 -7.01322758
 -6.76723493
 -7.01174025
 -7.36546501
 -6.59088392
 -6.58584191
 -6.98170703
 -6.98603010
 -7.20586502
 -7.22955249
 -7.27085414
 -8.09201965
 -7.63401331
 -7.91784165
 -8.02037441
 -7.95014695
 -8.07737533
 -8.60099652
 -8.46758939
 -8.24585237
 -8.26308533
 -8.84988503
 -8.88238786
 -8.75561151
 -8.97933843
 -9.31391532
 -9.61326091
 -9.81396043
 -7.13568079
 -7.18390740
 -7.24164984
 -7.03767435
 -6.79168169
 -6.28515372
 -5.37375224
 -6.46815744
 -6.60571968
 -7.04841536
 -7.04440050
 -7.35219869
 -7.33063941
 -7.38288945
 -7.88451024
 -7.88466051
 -7.90733668
 -8.14894747
 -8.10919936
 -8.06803625
 -8.30666856
 -8.57402417
 -8.51931063
 -8.45308129
 -8.67879618
 -8.62008978
 -8.44739147
 -8.93588523
 -9.32845519
 -9.57951602
 -9.76474036
 -7.16721641
 -7.20101213
 -7.26857845
 -7.06212111
 -6.81612845
 -7.20262694
 -5.96712935
 -5.81370938
 -6.29271871
 -6.74170504
 -6.77408191
 -6.97510782
 -7.36401331
 -7.64097690
 -8.01016248
 -8.22759717
 -7.83023347
 -8.14803584
 -8.21788602
 -8.23569128
 -8.30017938
 -8.61209894
 -8.71839366
 -8.41554823
 -8.47868468
 -8.35707800
 -8.47731567
 -8.95877146
 -9.46506189
 -9.59324956
 -9.71360940
 -7.19875204
 -7.21811686
 -7.29550706
 -7.08656787
 -6.84057522
 -7.42502932
 -7.08601093
 -6.31521458
 -6.64760041
 -6.67756759
 -7.01312351
 -7.25430313
 -7.46763546
 -7.58376465
 -7.56696627
 -8.11380203
 -7.74215988
 -8.18976179
 -8.14165980
 -8.40619439
 -8.55946737
 -8.54012974
 -8.62667567
 -8.46645944
 -8.43066247
 -8.32486252
 -8.56305682
 -9.01033093
 -9.50755378
 -9.64969174
 -9.72027826
 -7.23028766
 -7.23522159
 -7.32243567
 -7.11101464
 -6.95683738
 -7.14391216
 -5.72687250
 -6.72286891
 -6.85777855
 -6.78318624
 -7.00059674
 -7.48319054
 -7.53280152
 -7.73853659
 -7.54607340
 -8.37141528
 -7.85591077
 -8.08879004
 -8.07041385
 -8.42825751
 -8.45242181
 -8.35207542
 -8.51467814
 -8.50542870
 -8.41410715
 -8.43889470
 -8.68337922
 -9.10414486
 -9.47013897
 -9.71354460
 -9.77766193
 -7.26182328
 -7.25232632
 -7.34936427
 -7.13546140
 -7.29305349
 -6.76563579
 -6.82279514
 -6.81735537
 -7.00961584
 -7.04634110
 -7.20513248
 -7.28094360
 -7.68817636
 -7.88711162
 -7.67176353
 -8.23966073
 -7.86477278
 -7.88086897
 -8.12291374
 -8.62727946
 -8.31808759
 -8.20122442
 -8.49849245
 -8.52618892
 -8.36111450
 -8.44632771
 -8.81245145
 -9.15360781
 -9.44240379
 -9.78761205
 -9.87956947
 -7.29335891
 -7.27542056
 -7.37629288
 -7.15990817
 -7.44313208
 -8.91959757
 -7.89898401
 -7.25000378
 -7.03975049
 -7.24311365
 -7.30393526
 -7.57482491
 -7.44760253
 -7.51831931
 -7.66775954
 -8.28825626
 -7.95670132
 -7.84397500
 -8.37986186
 -8.43433719
 -8.23631296
 -8.20175552
 -8.63743379
 -8.44520426
 -8.17353345
 -8.35118906
 -8.83020635
 -9.15435161
 -9.42775470
 -9.78301336
 -9.97751711
 -7.32489453
 -7.30234916
 -7.40322149
 -7.18435493
 -7.83556774
 -8.21768894
 -8.13542625
 -7.51509479
 -7.44003545
 -7.57127306
 -7.36480319
 -7.59545269
 -7.67833610
 -7.61715213
 -7.75518355
 -8.23399147
 -7.97407071
 -8.05545636
 -8.49667259
 -8.32261306
 -8.19060121
 -8.48674319
 -8.59801504
 -8.27614681
 -8.11660621
 -8.44085655
 -8.86859402
 -9.10174052
 -9.37542473
 -9.81593097
 -9.99605288
 -7.35643015
 -7.32927777
 -7.43015009
 -7.37981627
 -7.62347711
 -7.03875656
 -6.34864149
 -7.01465168
 -7.36787040
 -7.51781618
 -7.30184433
 -7.70930890
 -7.82347551
 -7.62263716
 -8.03202495
 -8.17584525
 -7.78925095
 -8.19259138
 -8.56441382
 -8.25449902
 -8.41533268
 -8.59507744
 -8.47399250
 -8.21715056
 -8.17336695
 -8.56416212
 -8.91952216
 -9.12127271
 -9.34333739
 -9.81609373
-10.07266994
 -7.37810310
 -7.35620638
 -7.45707870
 -7.45352051
 -7.63764661
 -8.52727407
 -8.83499680
 -7.61095122
 -7.81173733
 -7.66425147
 -7.58668794
 -7.99126419
 -7.83392757
 -7.76899334
 -8.11113356
 -8.10207254
 -8.03353122
 -8.27355409
 -8.47620219
 -8.34885036
 -8.45391045
 -8.58147622
 -8.40946258
 -8.22959971
 -8.33394947
 -8.69398860
 -9.04330009
 -9.21349640
 -9.37173163
 -9.79463030
-10.13486697
 -7.39520783
 -7.38313498
 -7.48400731
 -7.46112918
 -7.39241255
 -8.12816896
 -8.42051741
 -7.34212140
 -6.90215108
 -7.38993329
 -7.38607833
 -7.84247421
 -7.71066086
 -8.00560612
 -8.10087928
 -8.15067984
 -8.27865629
 -8.57390699
 -8.49767218
 -8.46594650
 -8.57378890
 -8.52439523
 -8.38722110
 -8.36943331
 -8.48151670
 -8.81412545
 -9.08552843
 -9.21391080
 -9.43414069
 -9.87469732
-10.10381158
 -7.41231256
 -7.41006359
 -7.51093591
 -7.74090171
 -7.47227233
 -4.34967766
 -5.49031090
 -5.31949671
 -6.17090572
 -6.96442182
 -6.90840783
 -7.63372046
 -7.93091944
 -8.03331220
 -8.18040263
 -8.26202965
 -8.35391765
 -8.58598648
 -8.52104389
 -8.63559670
 -8.58128305
 -8.58062576
 -8.44057663
 -8.31580079
 -8.49368760
 -8.84621509
 -9.15456086
 -9.27692849
 -9.52967903
 -9.96488090
-10.08969524
 -7.42941729
 -7.43699220
 -7.56871574
 -7.94026244
 -7.98356206
 -8.91507449
 -7.06301606
 -7.00353022
 -6.49771922
 -6.91600702
 -7.22282895
 -7.71379858
 -7.92236772
 -8.09910492
 -8.26772947
 -8.37822530
 -8.49901163
 -8.63940372
 -8.47035144
 -8.59890282
 -8.49062858
 -8.53513496
 -8.39583482
 -8.23674372
 -8.61136130
 -8.96705785
 -9.16464738
 -9.26273833
 -9.55445796
 -9.94406941
-10.19141258
 -7.44652202
 -7.46392080
 -7.31264580
 -8.04535561
 -8.57508798
 -8.57658285
 -8.09188034
 -8.19746016
 -7.36720171
 -7.26064866
 -7.39633160
 -7.69913569
 -7.91033092
 -8.33435093
 -8.21486140
 -8.48703511
 -8.80264618
 -8.68334478
 -8.40250767
 -8.58900796
 -8.37767206
 -8.22915378
 -8.17214445
 -8.26738828
 -8.63388506
 -8.98373268
 -9.14132236
 -9.23215540
 -9.58006127
 -9.95741214
-10.25787497
 -7.46362675
 -7.49084941
 -7.75148787
 -8.34957221
 -8.93445482
 -8.59467789
 -8.90002343
 -8.69629158
 -8.31661461
 -8.01615860
 -7.74357226
 -7.85895667
 -8.14769370
 -8.32330012
 -8.23109680
 -8.57136013
 -9.13602448
 -8.72868274
 -8.46864307
 -8.67395542
 -8.45638637
 -8.25682020
 -8.29946434
 -8.50406050
 -8.74760771
 -9.06433848
 -9.17812788
 -9.27386147
 -9.53318723
-10.02985640
-10.29107933
 -7.48073148
 -7.64352799
 -8.66628972
 -7.62034789
 -9.38660638
 -9.46188712
 -9.27179272
 -9.31982829
 -8.90441359
 -8.83213291
 -8.37967521
 -8.28893404
 -8.50581619
 -8.46949335
 -8.32980637
 -8.60246799
 -8.80893187
 -8.60592128
 -8.56683406
 -8.64254044
 -8.48968287
 -8.30246884
 -8.49336066
 -8.73457842
 -8.92194819
 -9.09411469
 -9.23023552
 -9.36918747
 -9.54183346
-10.03864788
-10.29031425
 -7.49783622
 -7.54543348
 -9.33283459
 -9.52933893
 -7.18224721
 -8.52652523
 -8.67655749
 -8.57156221
 -8.66350746
 -9.05170127
 -8.87718493
 -8.65982015
 -8.81015272
 -8.64579497
 -8.57263302
 -8.79699612
 -9.00775631
 -8.50394785
 -8.51521618
 -8.61652702
 -8.61868732
 -8.42617096
 -8.65663460
 -8.80878490
 -8.99184584
 -9.20409348
 -9.35763045
 -9.51213424
 -9.69903700
 -9.97100119
-10.26123342
 -7.51494095
 -7.68672173
 -8.23816434
 -8.74262166
 -8.72174442
 -7.98207289
 -7.90147013
 -7.91133342
 -8.03974806
 -8.22021083
 -8.35942074
 -8.74355621
 -8.89339802
 -8.80204511
 -8.78641842
 -9.03076849
 -9.06711758
 -8.64056063
 -8.50949037
 -8.67943714
 -8.77456802
 -8.66952850
 -8.72291839
 -8.87229829
 -9.13515832
 -9.35280137
 -9.51748903
 -9.64610074
 -9.78490713
 -9.86150768
-10.12865470
