-428.07189126
-260.51440471
-92.95691816
 43.94626118
301.54488237
822.95633420
938.25809405
1128.54744512
1298.78502777
1459.51293360
1588.83785807
1701.52890736
1791.39632769
1899.61378163
1977.89305751
2047.93003060
2151.72370173
2232.11623279
2316.22995435
2391.00807924
2454.14296313
2520.12310966
2577.21817442
2632.80170794
2683.14128791
2729.44049007
2768.69882189
2801.95750462
2833.44519557
2854.52282326
2869.10398111
-390.24323872
-222.68575217
-55.12826562
109.15969057
291.14238476
710.31576924
926.51462442
1110.99812365
1308.31799173
1397.54114363
1542.69112951
1652.61023692
1768.26144842
1879.99401393
1987.16412579
2070.12165984
2157.48407648
2235.15795742
2316.80576566
2390.40200950
2452.32657635
2523.97062598
2585.03692959
2640.91565063
2693.05516388
2740.17251482
2784.63201182
2824.42000694
2861.06125302
2884.25446750
2901.20465714
-352.41458618
-184.85709963
140.83455111
142.83663460
 64.54444229
429.74608318
820.01705464
1075.59712082
1229.73502976
1384.20567816
1503.73174618
1627.10165006
1760.19828448
1871.37402045
1981.55993663
2064.22720920
2158.43076654
2237.92874564
2322.79180511
2398.45471801
2461.43377074
2530.53054119
2589.30423596
2648.51659106
2700.87478825
2750.33560649
2800.51942852
2844.65442865
2880.84835142
2907.53486836
2928.72347789
-314.58593364
-147.02844710
151.27891957
144.22861306
136.28592006
131.30972790
691.91692091
919.12157784
1127.55924700
1271.47167506
1495.05705778
1622.62005994
1793.98817862
1907.17517025
1974.14062639
2072.37213415
2168.19966013
2240.38975279
2330.88259300
2413.43653229
2474.68047634
2546.25411031
2603.06123893
2661.42870079
2714.06430218
2764.44474370
2815.60536858
2857.67300177
2896.13741145
2927.98353068
2951.59601350
-276.75728111
-109.19979456
191.40424586
172.73762918
264.79473865
279.93491816
368.51772912
566.91666809
1026.93562792
1269.21743855
1467.86217429
1640.68014172
1793.00285679
1905.85838724
1984.24438836
2085.91275161
2177.65569031
2255.30698678
2342.83702378
2423.52171052
2485.05522391
2552.64822128
2618.79777807
2679.43319280
2723.97118825
2778.72585048
2829.04798435
2870.16030418
2909.23770859
2945.00535020
2970.40247153
-238.92862857
-71.37114202
231.52957214
207.49771802
212.24575143
228.71192088
251.81194006
721.27379872
1022.04440452
1308.88807267
1477.17341185
1669.81695112
1821.53457916
1919.89364375
2017.60279539
2111.40332650
2198.16463009
2284.86121487
2359.23311971
2438.15047438
2500.78776912
2569.22325278
2633.26326087
2691.95946293
2740.02988474
2791.45538898
2841.91111934
2885.58142268
2922.92511464
2958.11551145
2987.50899418
-201.09997603
-33.54248949
271.65489843
242.25780687
159.69676421
132.18043488
736.27711239
952.33188272
1169.18330170
1377.80440995
1534.42272804
1701.89783946
1823.45868821
1942.81580682
2049.29329636
2142.43653459
2215.25129146
2296.00154253
2372.00677893
2454.84791350
2517.96058841
2593.87427812
2648.49883019
2715.66081561
2758.43687610
2811.60603134
2856.26075870
2900.47570896
2937.83228653
2971.38109256
3002.09271751
-163.27132350
  4.28616305
311.78022472
277.01789571
187.94101053
155.55164639
808.19102998
1111.91728320
1298.85005011
1478.75284041
1638.12571774
1764.58659575
1864.89755580
1971.59921119
2069.07731183
2164.44102462
2231.58576721
2318.72783286
2397.31223524
2467.48947781
2540.77774606
2609.88253571
2668.62722432
2726.30600966
2777.14504260
2830.50085145
2871.77854020
2912.48062825
2952.53556109
2986.52732252
3015.71973461
-125.44267096
 42.11481559
351.90555100
311.77798455
189.33298899
 69.32373614
802.42017490
1162.13542699
1341.31321809
1519.15003493
1685.83180537
1807.41929404
1917.62472374
2005.85214383
2105.00988362
2189.51065187
2271.00237834
2347.11570628
2425.40458310
2485.37404728
2563.85611867
2627.72936205
2690.31885621
2740.32117672
2791.69365747
2845.08237133
2889.38110005
2929.20829475
2969.33650485
3004.67535852
3030.04860578
-87.61401842
 79.94346813
392.03087729
346.53807339
190.72496746
 75.60541405
659.16422492
1074.70271232
1333.66635991
1535.85184444
1720.96907691
1842.84251035
1954.89129153
2041.79222073
2127.35149934
2213.81185668
2300.37316529
2379.48062928
2454.06355371
2514.83928661
2587.28274234
2648.32333471
2708.40305010
2759.46026696
2814.59311967
2864.33913816
2907.63187482
2947.61603235
2986.65846796
3021.91076198
3045.77173449
-49.78536589
117.77212066
432.15620358
381.29816224
218.14666330
135.40422750
472.47104566
969.55045515
1323.74362089
1575.08188825
1750.61015861
1886.45503649
1987.36649389
2077.67616460
2167.74476278
2253.68899544
2325.46088559
2396.28087541
2475.74390417
2549.11215522
2607.20907982
2672.58730537
2729.82312389
2783.98268876
2839.88890837
2878.06579873
2926.16107910
2964.42531824
3000.38941009
3034.43002425
3062.67776920
-11.95671335
155.60077320
472.28152986
416.05825108
252.90675214
181.01152386
466.72112613
1039.47553602
1341.15957151
1606.41196814
1780.23060711
1896.05821946
2019.84594982
2114.70635792
2198.59583864
2278.45534955
2351.75050167
2432.90173712
2502.67438609
2569.31132527
2631.13567136
2695.71298065
2752.40390748
2807.53648446
2856.88581377
2895.79859032
2940.04614630
2977.36550595
3015.36318765
3048.27645389
3077.73287080
 25.87193919
193.42942574
512.40685615
450.81833992
287.66684098
 65.54524493
687.09809141
1161.88879466
1440.78274162
1637.44895972
1800.99599234
1922.74110830
2040.40878239
2136.83913558
2234.26413451
2322.42345274
2388.92685232
2468.21367332
2533.10370700
2597.18986522
2655.92595043
2717.66406750
2776.11601761
2826.68384036
2871.59958929
2916.10289763
2957.97608570
2997.17033365
3035.15606712
3065.02528977
3091.03312080
 63.70059173
231.25807827
552.53218243
485.57842876
322.42692982
215.10505052
857.83240638
1206.60810562
1468.96256304
1691.64064253
1835.32295942
1963.62754040
2077.95123487
2172.03403133
2249.24721505
2354.52389519
2411.94435720
2494.02324438
2556.42471412
2623.59968039
2686.36958417
2740.39937381
2795.51109174
2846.83015830
2891.30712784
2935.53906245
2977.80412914
3015.18303052
3051.79935439
3083.12114084
3108.28522806
101.52924426
269.08673081
592.65750872
520.33851761
357.18701867
226.95293794
682.69390734
1273.15248126
1511.31033969
1718.23792603
1875.95926941
1993.34848316
2101.81190101
2197.28008591
2283.77003960
2379.45889530
2455.03882120
2520.32281716
2583.76280661
2649.14507480
2709.84372941
2763.33648796
2814.29248072
2864.30148160
2910.56812557
2951.69392934
2997.15434206
3032.53681885
3067.13906190
3098.79013155
3123.81692097
139.35789680
306.91538335
632.78283501
555.09860645
391.94710751
413.18209993
924.90998742
1346.43711833
1555.19406031
1744.19072800
1896.81072093
2022.78003533
2138.00655238
2230.54195228
2312.80989846
2398.43866010
2480.53403474
2544.68742301
2611.54063078
2672.34619943
2729.93694472
2782.30723852
2836.79228789
2880.94522786
2927.73187202
2968.56107313
3010.11400874
3047.86502267
3081.53670307
3110.42666964
3136.37752458
177.18654934
336.35930365
672.90816129
589.85869529
426.70719635
387.40682204
1113.06316849
1442.56582797
1630.40627636
1789.27925648
1925.81382115
2062.44665779
2170.09645284
2252.69727704
2335.31498319
2428.68957461
2503.81587380
2571.93003713
2635.10102409
2690.17230141
2751.27189412
2805.29285219
2856.40946520
2900.19188556
2944.32710823
2986.36649997
3024.87539270
3062.05731071
3095.40363610
3124.39291754
3152.07670785
215.01520187
271.83267511
713.03348758
624.61878413
595.14272384
312.43600693
1116.79906433
1541.32056592
1707.77847603
1812.47592085
1974.65956079
2108.64632520
2195.79964350
2280.88396459
2368.15786857
2448.39566971
2528.91632516
2597.72678830
2659.94606342
2713.62481713
2774.17448851
2827.16908962
2874.58048962
2917.30719213
2960.08236340
3002.31621556
3040.12695332
3075.29983360
3108.63744725
3139.73478082
3167.27425793
252.84385441
207.30604657
753.15881387
659.37887298
1083.81252390
759.40636666
1376.35896342
1567.22268506
1745.83770453
1885.17730108
1997.99756072
2130.15705935
2217.90184318
2306.41107559
2400.47308819
2483.22018852
2555.54162579
2629.16180589
2681.49942194
2736.44512479
2792.32669472
2843.96278046
2892.22812669
2933.52730495
2975.90763589
3016.92384128
3053.87888212
3088.65723373
3121.81153699
3151.76278093
3178.41851963
290.67250695
206.58449895
793.28414015
694.13896182
1125.46639027
1056.40522005
1443.96396241
1622.60136376
1795.37605312
1943.71016922
2069.93162220
2173.51297278
2251.49772609
2339.11812845
2431.14869229
2514.01228550
2583.64201241
2651.87908292
2711.39828149
2760.51533310
2812.99804908
2861.26958755
2910.79337144
2950.95001399
2993.16797313
3032.40436388
3068.63674478
3102.52457715
3134.14770631
3163.54877521
3189.45441692
328.50115949
246.70982524
833.40946644
728.89905066
786.23276446
1155.28502353
1520.66724915
1685.18679305
1857.98217575
1981.05464972
2091.63041051
2199.80243467
2286.96434229
2377.11728656
2459.61321540
2540.20025894
2606.40936134
2677.71945674
2733.34980533
2784.24912132
2834.00209031
2882.70753779
2929.72317609
2970.75481469
3010.51822580
3046.77995948
3083.73353963
3117.18077377
3147.74121591
3176.71175100
3200.77165924
366.32981202
286.83515153
873.53479272
1012.64185789
928.46041306
908.43188620
1392.79577790
1683.18215723
1868.71776669
2018.22626461
2143.88602450
2245.75039396
2334.33888446
2411.50537581
2495.14100715
2565.62381167
2634.97673756
2702.50550409
2757.60069769
2810.30184090
2857.22231745
2903.82144711
2948.61771315
2988.69021947
3027.68649960
3061.70560142
3096.78442790
3131.03947469
3160.93182136
3187.94791123
3211.28254617
404.15846456
326.96047781
913.66011901
260.67127172
575.38533106
839.95953157
1487.35505124
1702.61252581
1896.76058549
2054.68505968
2185.80615943
2276.63525931
2369.19196829
2447.87216591
2529.38069711
2596.32301685
2664.67511530
2726.53150046
2784.06957267
2832.01590630
2878.58828250
2924.70466112
2965.49048656
3005.85974809
3044.52793162
3078.25707195
3111.79720549
3143.99323407
3173.50459024
3198.30112667
3218.48474628
441.98711710
367.08580410
953.78544530
303.47890902
1123.14823055
1688.01968511
1452.33134741
1638.60116547
1877.20061064
2066.55036704
2211.66413418
2328.23471111
2404.53294359
2487.08188518
2563.46237684
2629.91705696
2691.45519660
2752.11021911
2803.28410524
2852.30076893
2900.89466816
2941.69872760
2983.14223872
3023.33197281
3059.20532926
3092.61509312
3125.31163841
3157.63253613
3184.08422753
3207.96681514
3222.04600308
479.81576963
407.21113039
993.91077158
1048.99550740
291.24983019
878.06183281
1224.98822241
1617.20415100
1860.18619722
2072.64422633
2233.71184994
2332.93541245
2428.57737260
2519.34257790
2593.52467660
2655.94319461
2717.05507874
2772.99525585
2823.75553033
2872.74946673
2918.11336301
2958.21454800
2999.70247593
3038.90268029
3073.01337675
3105.06306576
3136.99127885
3166.15981615
3192.70955030
3217.37157365
3227.56285410
517.64442217
447.33645667
1363.58359772
766.39007421
1810.04582031
1658.02210372
1504.52389866
1787.69760209
1957.98999535
2118.11485345
2265.63148215
2370.97572675
2456.18593431
2546.09986760
2619.27190444
2682.63058225
2739.64237671
2792.98303882
2846.77089450
2887.52241807
2934.22976986
2976.89027623
3013.02213550
3051.67967651
3086.45376228
3118.59515876
3148.48734884
3177.61824030
3202.78959540
3225.63121014
3240.25001947
555.47307471
487.46178296
390.59695436
1966.54709755
1470.28794329
1706.77806431
1860.25833005
2015.04972654
2108.12594056
2204.11261045
2311.93838787
2407.00037413
2481.30677565
2575.18435386
2639.52211219
2700.85115676
2758.64223407
2809.08264073
2857.67857756
2902.06595225
2946.72496112
2987.36454253
3025.84717981
3062.42166543
3097.00594126
3129.63637702
3160.37766051
3189.93996693
3213.30947285
3234.34212716
3246.58447990
593.30172725
527.58710924
1481.70784799
1796.24301367
1911.26312822
1763.90056704
2064.40846378
2145.14852986
2212.83706127
2280.86753557
2367.38552095
2448.52955044
2524.11166820
2605.11668784
2663.45643533
2719.93511701
2776.55280456
2823.96698722
2870.53844733
2917.10965843
2958.34143570
2997.99228159
3036.91471142
3070.11755733
3106.33879327
3139.79112120
3169.89438174
3197.25750756
3221.32819349
3244.37424413
3247.90810640
631.13037978
1040.04984951
1885.21230906
982.66210784
1911.89236383
1953.72375533
2086.48847291
2215.66017939
2284.66714520
2352.16167051
2421.01967052
2487.43636868
2563.68049941
2637.41040369
2691.09687982
2744.36699426
2794.44558286
2840.57595257
2885.64258795
2928.82295561
2969.47658631
3007.96898080
3045.87152412
3078.53765803
3114.95236562
3148.70223033
3178.53234467
3205.09794094
3230.23640905
3253.57176092
3258.35977179
668.95903232
1036.36846856
1683.54184825
1701.31419759
1609.16468100
1925.80007299
2079.55171319
2198.39797637
2295.62900059
2388.77324381
2466.44697346
2530.43061671
2608.13879817
2660.11522013
2710.59725591
2762.17685182
2809.50248908
2856.29065044
2899.48490065
2941.27737854
2979.66460898
3017.02553882
3053.96254848
3089.11848972
3124.44381401
3155.45008163
3185.42031914
3214.36940910
3239.43123930
3258.92495978
3269.73426781
476.97489341
812.23323037
1226.61270020
1608.72258541
1775.28123087
1945.89922428
2064.94014383
2169.71278528
2287.30882142
2389.17101052
2474.34386684
2554.75593724
2624.92573298
2680.38112566
2727.30983718
2776.13485321
2821.92108481
2866.13781794
2909.07615874
2949.96731612
2989.57129233
3026.04064404
3059.97908635
3095.84356018
3130.22652321
3161.19015943
3189.97047111
3218.17468198
3242.69750856
3262.77858864
3268.12117985
