-428.07189126
-260.51440471
-93.08191816
  9.74500181
164.69972980
628.30463660
666.56699120
832.80345843
947.08212610
1066.29690150
1121.37200317
1188.92998703
1233.69057482
1326.20032405
1395.44877498
1438.29788611
1506.61919138
1562.84118688
1624.47946237
1660.77623780
1714.01512650
1763.22188275
1809.36156720
1854.31805280
1893.32542973
1948.95015931
1988.44769246
2011.10116056
2043.65005317
2048.92672118
2413.74508480
-390.24323872
-222.68575217
-55.40366499
104.60010823
220.22170589
518.61869963
702.28335545
783.30587853
906.05420786
932.06446335
1003.06516948
1089.24393793
1196.53650043
1279.76929472
1326.24299203
1384.47028085
1414.03887869
1469.23669530
1499.55067353
1570.27148494
1629.29822972
1670.19325064
1714.74580949
1757.04812194
1815.07113305
1868.45569968
1897.29799151
1923.93181357
1954.37020348
1965.37007929
2378.36226343
-352.41458618
-184.99187401
140.50812927
141.97588407
  2.30405021
328.48535365
626.40749308
778.25436976
843.87414478
898.34989885
1008.30441835
1084.44206233
1196.58915713
1244.67872609
1315.47868156
1346.80847535
1407.70444020
1452.68052582
1494.39443234
1555.26529937
1607.44652706
1612.00749397
1694.02398327
1746.06285208
1796.58261596
1838.20451098
1876.16214909
1906.98415810
1939.93844198
1965.76661233
2392.59199850
-314.58593364
-147.19544402
150.94299258
143.82902837
116.12017226
 72.59554040
569.37671225
583.52756944
775.46863511
854.68539914
980.44663537
1044.15441613
1193.95008181
1214.85939622
1286.48201479
1343.82973137
1420.20432683
1468.92366960
1514.00782378
1570.26031315
1582.54356586
1660.37750681
1693.76408762
1722.97115682
1772.00885487
1815.38146195
1856.25583472
1888.65603065
1917.99189711
1950.22432029
2397.88344534
-276.75728111
-109.36991882
191.06764028
172.39560540
261.98126720
268.60311728
164.97393675
297.07038403
671.53984590
843.93848199
903.29041624
1070.88436916
1143.22107754
1245.92453928
1289.37048205
1340.82967723
1408.55586610
1427.73591417
1525.01835854
1591.56286768
1628.51226487
1655.64980043
1696.81369978
1736.39893885
1768.96343280
1829.68627821
1858.38163707
1880.51184389
1907.34897260
1952.26081698
2396.74647751
-238.92862857
-71.54075673
231.19384591
207.16299927
211.60222766
172.44733907
 45.36202572
427.33486879
679.84504718
864.46293755
975.51149765
1077.33679300
1197.70326655
1266.33736124
1304.76360780
1321.60870787
1368.54335462
1469.74489685
1525.07399407
1587.55824278
1614.36236879
1673.14846576
1713.51837021
1757.00842857
1806.21371354
1847.75681743
1878.69728157
1909.00432986
1927.60321044
1961.33923992
2418.89092787
-201.09997603
-33.71114002
271.32030312
241.92414261
136.90993641
 50.83031449
550.06287852
638.44785268
806.07324463
948.22469168
1004.40065660
1091.08120659
1210.86112930
1277.66684863
1332.70573553
1369.01936544
1435.95721647
1488.63655788
1535.22983600
1597.42250382
1649.66449754
1701.19052630
1724.92051874
1792.66306179
1830.11925059
1867.16793580
1897.75948166
1928.15070493
1953.66064097
1990.86349210
2451.43058069
-163.27132350
  4.11853352
311.44679887
276.68450945
184.80098377
 95.15554332
617.30927896
805.72817498
900.43811287
1039.68072724
1104.41633120
1189.26660710
1215.76010579
1297.12559850
1340.92537074
1439.35753916
1474.62109669
1518.90045635
1574.75570205
1632.26233610
1679.16297816
1707.72350338
1747.25021263
1802.66381161
1844.05409188
1880.13395778
1897.16807591
1919.33577245
1972.87696680
2021.79594842
2464.29332421
-125.44267096
 41.94821415
351.57330032
311.44477993
188.64883507
 30.61198552
595.20729051
843.35162833
972.20584920
1089.05842614
1166.83611583
1192.05536213
1274.16255673
1329.80735596
1399.94085462
1475.06539410
1505.41416550
1559.18422923
1608.34336388
1637.93671787
1702.54554300
1723.95148939
1774.59121850
1813.99519915
1853.41531637
1874.88805473
1893.55662786
1928.01085479
1983.88178213
2031.49207129
2471.19648764
-87.61401842
 79.77789568
391.69980261
346.20503848
190.27541718
-11.97513836
453.14637078
789.35981992
962.65151070
1088.12641214
1197.96617363
1260.02604038
1309.98855150
1356.85082545
1419.73463060
1464.34485337
1524.28227126
1568.75058193
1599.43692155
1659.40067235
1710.68431869
1741.42403490
1786.35789908
1822.65434695
1869.12615337
1890.26709634
1912.22763847
1948.58075750
1981.13654321
2024.45356720
2475.12749251
-49.78536589
117.60757731
431.82630500
380.96529555
216.71648328
 53.02038277
283.74056550
710.87835513
967.04910910
1144.88292423
1221.31148237
1295.35334697
1345.95046822
1390.39548282
1449.62331528
1489.05728676
1520.71085214
1553.04346062
1619.89524244
1681.64478842
1716.69374665
1759.92304402
1788.74752786
1836.18399840
1889.64075759
1906.41758297
1934.25441720
1954.75013891
1977.89561770
2013.42415047
2481.09246059
-11.95671335
155.43725896
471.95280742
415.72555244
252.43639231
111.20694095
300.14713614
782.29602400
997.23304293
1143.92686407
1244.03981577
1305.44389761
1375.63827858
1444.89291409
1497.76998439
1519.31312758
1543.89800241
1609.00905246
1663.11194447
1703.04892904
1738.99907074
1777.30235776
1811.14336729
1868.78918816
1902.54237004
1918.52353774
1951.68689758
1966.18361241
1985.41445340
2017.31829826
2486.72117008
 25.87193919
193.26694062
512.07930984
450.48580930
287.27843868
-10.00980502
484.92838639
884.89757521
1067.64938564
1171.92241425
1265.00254753
1323.77714156
1402.19713138
1468.33722591
1526.14082056
1553.11873775
1589.78460673
1651.90822404
1694.65576059
1732.85333017
1765.70801893
1803.56446767
1845.85394213
1880.74260355
1909.29032888
1934.08769685
1968.53952866
1990.12370679
2007.95875449
2028.77712858
2497.85934950
 63.70059173
231.09662227
552.20581225
485.24606616
321.99104091
 59.54367736
615.59078553
891.60307836
1091.22688291
1242.62253809
1293.31062513
1354.08944722
1431.24739429
1498.86448906
1517.93890180
1573.61438739
1609.68460658
1660.25953647
1705.78236560
1750.75722284
1783.67916123
1813.46068107
1850.99442937
1891.16991815
1920.84014968
1952.93132201
1987.09708974
2010.23798037
2027.21227263
2048.28787872
2516.18522775
101.52924426
268.92630392
592.33231467
520.00632303
301.36800210
103.92606420
403.76502466
940.12758479
1100.09752019
1245.24143213
1324.04148335
1395.30852970
1461.54470575
1496.80542502
1540.20416260
1593.22705723
1623.16805165
1661.04086747
1708.07916611
1754.08801653
1788.67675524
1817.62587788
1854.60267546
1893.12402011
1939.91516400
1970.22678587
2002.67988685
2023.12567069
2041.71649367
2062.80110435
2527.40401567
139.35789680
306.62886609
632.44292715
554.76459364
384.67797884
280.64919691
657.46774044
989.19042037
1116.60333499
1260.11465394
1338.52126176
1402.04601627
1458.40391908
1512.23695698
1551.14665297
1596.44122434
1634.31102687
1655.31162338
1711.06163464
1758.99375399
1793.04293670
1827.43050390
1861.98916634
1906.65446888
1956.96576081
1974.56759828
2003.69999903
2030.62946904
2050.04430875
2067.46809056
2537.71991561
177.05942986
335.98554784
672.55640987
589.52297476
425.50659020
223.97065795
856.10828496
1067.12002271
1185.70613142
1274.08657705
1351.24383242
1404.01641935
1447.78512142
1504.63918158
1565.80338189
1628.93831431
1648.30468760
1677.47564824
1724.40184441
1768.04453817
1813.42474237
1844.78953747
1876.54995853
1924.67623614
1952.65742784
1976.73498453
2006.05372356
2035.86908882
2058.05678067
2078.22309670
2552.91972191
214.81570466
271.38337994
712.67171377
624.28159734
532.91157282
128.73301108
846.55799996
1149.63500134
1234.77848691
1288.39746405
1360.34922735
1426.86651566
1448.30055079
1527.10206935
1605.54598259
1647.51387457
1681.37049967
1712.14821253
1752.94082996
1797.24564268
1834.72478518
1866.69063590
1896.09224339
1930.56052729
1949.10697760
1980.67245559
2012.89646486
2043.30675874
2069.62750826
2094.42378179
2570.05928906
252.57882218
206.81851874
752.79190865
659.04086148
1011.45543857
610.83563781
1030.79227232
1139.64742162
1245.41507500
1324.87380706
1383.64765141
1431.11357349
1466.04538878
1567.59811684
1638.84829558
1686.11934206
1716.83396230
1756.33406976
1791.16536611
1822.15432316
1853.69027861
1893.04474685
1920.00189505
1938.87652775
1964.94469439
1993.88810040
2024.97430766
2056.71769041
2085.34856913
2110.72545981
2583.34231666
290.37778401
206.09028166
792.91665780
692.89095798
1080.13485049
819.93255012
1130.46452432
1199.11854824
1312.36103773
1392.29051918
1456.20580464
1478.93751475
1540.34606143
1623.93212934
1671.05698386
1720.66784610
1753.72674406
1793.14252375
1825.73789827
1845.24145660
1882.69604684
1912.20355348
1941.74271624
1963.85099205
1986.42751562
2012.25443515
2042.48286931
2073.82783012
2101.19447979
2126.98491762
2597.00117816
328.20362568
246.21622135
833.04288910
716.11118087
716.26453735
979.22141029
1210.39372401
1292.20106571
1365.84369980
1447.61030182
1494.42266425
1544.98784717
1605.60789316
1655.50653406
1694.34577076
1749.61447433
1787.32968302
1823.79979468
1846.25763096
1868.11218764
1901.62660493
1930.42598001
1959.42489634
1980.58239697
2001.75037736
2028.12587374
2057.84819069
2087.00058923
2116.35079503
2140.04577574
2602.97909066
366.03282734
286.34349391
873.16947227
1009.76330367
859.43648098
758.31434049
1134.51700654
1289.44942744
1443.51613776
1506.03859040
1553.66196727
1597.68506066
1650.54339002
1680.99928352
1728.39507372
1779.54252103
1817.90683147
1844.77035458
1864.44465739
1892.80412943
1919.34026745
1943.65001443
1967.63669699
1986.65875174
2008.22472067
2033.40239645
2062.55919174
2094.57144341
2123.85743033
2139.65376317
2604.51624212
403.86244899
326.47098557
912.31172138
247.27671944
546.63241760
739.35355920
1257.42036331
1372.39620976
1492.36841706
1555.66546127
1611.34396384
1634.22064492
1687.75605442
1714.29751524
1766.88708897
1807.67294760
1839.34743554
1856.60160539
1880.99667510
1905.18114123
1930.02701137
1957.17408774
1976.27462171
1985.92394864
2007.41033967
2035.40176928
2064.33872840
2096.89976799
2123.69227702
2131.30379175
2606.00609225
441.69212314
366.59851118
946.17054675
288.67964745
1025.02771366
1464.33628332
1183.14217281
1293.82286315
1455.91017192
1586.85447405
1636.53829707
1679.58362998
1712.38095294
1749.20403064
1789.60072338
1826.26164652
1848.18109731
1864.78865227
1883.99038160
1906.26887729
1937.61652852
1960.37104809
1975.25738004
1988.51203637
2007.40889028
2030.76559978
2058.39719493
2096.16937648
2113.05517805
2125.22797808
2607.05143578
479.52180386
406.72604185
987.19934591
880.69599906
102.48768957
691.43358564
968.52447558
1277.46128233
1463.33669510
1582.17357104
1635.75221884
1669.64209981
1718.82927598
1763.67173492
1797.81377795
1828.64904773
1845.30138669
1862.92071908
1879.71839492
1901.27726018
1928.08518353
1954.23122966
1975.46152832
1990.78351851
2009.20071061
2030.90054078
2058.39342377
2088.36444369
2106.75712515
2135.64933112
2618.17887562
517.35148539
446.85891292
1269.63853974
692.85662938
1711.38292984
1490.20526052
1265.95240883
1454.93664279
1525.66763427
1592.20387898
1661.18402899
1705.48015811
1736.94315561
1764.31086898
1803.77402204
1824.23055898
1841.85312254
1859.28902129
1878.57872463
1891.97188431
1920.84142875
1956.46308801
1976.12071712
1998.24319583
2022.71003380
2043.69859478
2067.34025342
2092.33885430
2116.65717155
2152.61559953
2637.57844159
555.18116703
486.98621142
354.27520113
1921.10997104
1345.73184911
1513.83678396
1563.90038487
1624.89558075
1633.34847057
1662.16801894
1707.57339244
1743.68421863
1753.38403701
1792.43046099
1810.61643121
1829.66053413
1850.03022867
1855.92080299
1872.20971775
1889.58099256
1930.74441513
1963.17989777
1977.45589051
2008.81498594
2039.68015844
2062.87881410
2084.33539384
2113.53023406
2141.11190795
2167.97584503
2649.26910256
593.01084868
527.24130298
1425.63311783
1686.80305413
1745.56253157
1497.30932525
1687.77376066
1689.99815309
1691.65689634
1722.37204879
1766.15148356
1790.77842691
1798.93205914
1825.87024546
1833.61808345
1848.94034942
1860.65129151
1867.95553545
1882.08604789
1911.25356698
1944.54844033
1960.11921612
1987.70808557
2021.78381256
2058.34539086
2088.21448063
2113.30750320
2147.26560612
2163.79630768
2196.53043201
2661.69576844
630.96901996
999.91403445
1770.74025882
848.76106518
1681.18614038
1589.75333880
1638.99346406
1713.63521072
1746.90898434
1796.36514829
1831.32563442
1832.61923401
1836.34882369
1855.74236554
1857.02637226
1870.41106627
1880.22954752
1895.13902349
1905.48594253
1924.43428194
1942.57402341
1971.69852367
2005.33084041
2042.85711458
2082.40906206
2105.60510017
2145.23945373
2187.55793596
2204.62828350
2240.97284830
2690.15761832
667.15320106
979.92103308
1553.57310918
1482.71809038
1272.37792136
1498.03001154
1602.43469315
1684.67401422
1771.93386247
1863.77542789
1898.60742968
1886.60890981
1879.31209464
1870.39535292
1868.10236988
1879.18554461
1897.78953011
1910.14739660
1916.10572750
1928.04255657
1953.96181975
1998.65130796
2029.87494116
2068.94807817
2096.77289406
2123.05027141
2170.40339309
2213.84544097
2237.66422952
2259.61333453
2701.47111880
464.05668376
737.12677164
1106.59906366
1427.28778638
1545.11622889
1682.23143373
1784.18417309
1880.85826932
2000.73416907
2094.28747392
2144.74848432
2162.57688398
2194.56346386
2213.82745146
2232.32522832
2262.69608617
2292.35265053
2315.33821800
2339.18020656
2365.81873357
2415.20342078
2445.17608625
2478.77660285
2515.59739743
2540.28854401
2572.30680670
2615.58182744
2645.66008857
2666.74717034
2693.54691653
3125.93432720
