0
0
0
0
0
0
0
0
0
0
0
0
0
0
0
0
0
0
0
0
0
0
0
0
0
0
0
0
0
0
0
0
0
0
0
0
0
0
0
0
0
0
0
0
0
0
0
0
0
0
-31.1208491600697
-30.7500121194722
-29.8631650258055
-28.805297739607
-27.7689999640513
-26.7975041315847
-25.8750718415149
-24.9821271459158
-24.1095867296608
-23.2556864580584
-22.4208979249004
-21.6054808405583
-20.8090795711381
-20.0310065961838
-19.2705036174935
-18.5268401238059
-17.7993154587395
-17.0872366168305
-16.3899021690692
-15.7065949359231
-15.0365781859102
-14.3790917915962
-13.733347379485
-13.0985224122212
-12.4737531740625
-11.8581267100143
-11.2506717951196
-10.6503487717889
-10.0560378963062
-9.46652596715415
-8.88049121612262
-8.29648640546485
-7.71291997467867
-7.12803501395091
-6.53988479738465
-5.94630046881557
-5.34484376444282
-4.73274497925689
-4.10685741721777
-3.46371250129083
-2.799769759226
-2.1117447721413
-1.3962405014393
-0.647029994694936
0.151138780545509
1.02784369656227
2.01383081159698
3.07972710469211
4.02317408055785
4.43072866848788
-56.1830300746413
-55.7991594583934
-54.8732154597076
-53.7508542167391
-52.6261545503453
-51.5439078392922
-50.4897627752858
-49.4453750145491
-48.4028015247251
-47.3613645315288
-46.3225785051493
-45.2877021700128
-44.2573338665114
-43.2316957065652
-42.2108967346662
-41.1950340097284
-40.1841972349624
-39.1784491147394
-38.1778119262384
-37.1822630133475
-36.1917340480825
-35.2061105501918
-34.2252307661443
-33.2488839229721
-32.2768079198804
-31.3086866169743
-30.3441469256771
-29.3827556884138
-28.4240161636519
-27.4673640939944
-26.5121635785102
-25.5577029730671
-24.6031909888832
-23.647753146171
-22.69042775812
-21.7301575581788
-20.7657704827688
-19.7959505903343
-18.8192312774642
-17.8340959024418
-16.8392806470676
-15.8341627159292
-14.8184594734579
-13.7895904591923
-12.7365873770615
-11.6349515892299
-10.4600399547238
-9.24857922874197
-8.21148772312778
-7.77122512330633
-80.1837456189263
-79.7975535309448
-78.8644423591758
-77.7296865669452
-76.5870302141331
-75.4809744211923
-74.3969189680023
-73.3163091971427
-72.2310281342092
-71.1402585487156
-70.0454082598583
-68.9476606277809
-67.847568564051
-66.7453375184905
-65.641087665832
-64.5349542157971
-63.4270914814782
-62.3176528939329
-61.2067774615585
-60.0945853942888
-58.9811777521086
-57.866636624395
-56.7510249586969
-55.6343860733709
-54.5167429373782
-53.3980973982607
-52.2784295855757
-51.1576975007475
-50.0358366330085
-48.9127596022536
-47.7883560718187
-46.6624931743722
-45.5350166367371
-44.4057527705299
-43.2745105060365
-42.1410795738488
-41.0052183238508
-39.8666321214123
-38.7249744164015
-37.5799554993488
-36.4316536410778
-35.280911534714
-34.129043408079
-32.9752044524354
-31.8103072766604
-30.6118843619156
-29.35747650959
-28.0861463066019
-27.0112941238085
-26.5579975223943
-103.869272251095
-103.482389697361
-102.547140142263
-101.40866461126
-100.260575346922
-99.1472443404396
-98.0539459297216
-96.9620046437454
-95.8631882156295
-94.7565704966121
-93.643457583071
-92.5249391048158
-91.4014830159248
-90.2732193528252
-89.1402031906223
-88.002515728754
-86.8602691482823
-85.713587436087
-84.5625936818083
-83.4074065747513
-82.2481409672812
-81.084909018061
-79.917821040341
-78.7469860959964
-77.5725124244815
-76.3945078930665
-75.2130807003366
-74.0283403478191
-72.8403987223487
-71.6493712917801
-70.4553786574608
-69.2585487054381
-68.0590195391235
-66.8569433550348
-65.6524904313125
-64.4458493230328
-63.2372167403348
-62.0267780322813
-60.8147103515111
-59.6012934896558
-58.3872230515886
-57.1740088553206
-55.963683889864
-54.7561754382239
-53.543223033487
-52.3032421809884
-51.0147137985068
-49.7176983627279
-48.6266522522088
-48.167767151892
-127.44546657651
-127.058344430905
-126.122352348072
-124.982583463123
-123.832601499982
-122.716729600345
-121.620193238055
-120.524268397518
-119.420674937916
-118.308439874832
-117.188823891067
-116.06287302468
-114.931013875512
-113.79333779497
-112.649864290338
-111.500642574991
-110.34575690726
-109.185307913679
-108.019400402974
-106.848140398526
-105.671636256353
-104.490000382414
-103.303350674822
-102.111811731938
-100.915515915607
-99.714604455826
-98.5092288284903
-97.2995524204613
-96.085752323612
-94.8680212591001
-93.6465698734823
-92.4216296463284
-91.1934565891801
-89.9623358939683
-88.7285866963917
-87.4925630433398
-86.2546445346397
-85.0152175554539
-83.7746791668977
-82.5335486364237
-81.2927812666432
-80.0541673990203
-78.8200419133678
-77.5906558179235
-76.3580945845915
-75.1011421479682
-73.7986705047742
-72.4911538856433
-71.3934849722295
-70.9323140063545
-150.981516137072
-150.594306007643
-149.658041189044
-148.517797034459
-147.367119102629
-146.250312078675
-145.152582790365
-144.05518849862
-142.949830384116
-141.835516961706
-140.713490734534
-139.584780035948
-138.449794400518
-137.308608929001
-136.161227878502
-135.00768640925
-133.848056130676
-132.682426642487
-131.510893576983
-130.333555870239
-129.150517128974
-127.961887606696
-126.767785914377
-125.568340506233
-124.363691029402
-123.153989723209
-121.939403098969
-120.720113913734
-119.496323278673
-118.26825290219
-117.036147708088
-115.800279066922
-114.560948818684
-113.318494242979
-112.073293140014
-110.825765109024
-109.576362491691
-108.325551893845
-107.073818349688
-105.8217771064
-104.570487683801
-103.321853081116
-102.078329447053
-100.840297802839
-99.599982467298
-98.3363150966968
-97.0283242696692
-95.716649582473
-94.6163577204269
-94.1542813447401
-174.502476626208
-174.115233425093
-173.178866080345
-172.038443232048
-170.887503558765
-169.77034472988
-168.672166457452
-167.574218826527
-166.468195825889
-165.353098811112
-164.230163211895
-163.100410431872
-161.964243282308
-160.82173041456
-159.67286998263
-158.517691467232
-157.356261304079
-156.188664512051
-155.014992827462
-153.835342071942
-152.649813620681
-151.458516484443
-150.26156913044
-149.059101082406
-147.851254388378
-146.638185141565
-145.42006528484
-144.197084711859
-142.969453504945
-141.737404309291
-140.501195083122
-139.261112461227
-138.017475909189
-136.770642823548
-135.521013740223
-134.269033736705
-133.015183494359
-131.759960932803
-130.50388547916
-129.247609948481
-127.99223468833
-126.739706857776
-125.492530155044
-124.251136581427
-123.007804888325
-121.741524617817
-120.431385664616
-119.118092322088
-118.016779275469
-117.554350378681
-198.017707497226
-197.630451737892
-196.694045459673
-195.553554748746
-194.402515662548
-193.28522319357
-192.186874334237
-191.088716421903
-189.982440685997
-188.867045729256
-187.743764255071
-186.613614989206
-185.476998137331
-184.333979843299
-183.184555879516
-182.028753500838
-180.866637104733
-179.698289893339
-178.523802043638
-177.343268113237
-176.156788548431
-174.964471807928
-173.766436227229
-172.562811663894
-171.35374101211
-170.13938177176
-168.919907902402
-167.695511974931
-166.466407460861
-165.23283115853
-163.995045995572
-162.753344444768
-161.508052730243
-160.25953597886
-159.008203478716
-157.754510129788
-156.498947552549
-155.242025766008
-153.984277497333
-152.726370098771
-151.469419724138
-150.215390634419
-148.96680494596
-147.724114408033
-146.479618855783
-145.212330248069
-143.901362217096
-142.587444091534
-141.48573685525
-141.023171876994
-221.530752698411
-221.143492148467
-220.207071017962
-219.066554418013
-217.915477404714
-216.798133947199
-215.699719997414
-214.601481840624
-213.495109648754
-212.379600968497
-211.256187456251
-210.125886808182
-208.989098226838
-207.845886889305
-206.696247648225
-205.540206897163
-204.377828243018
-203.209194181153
-202.034394279434
-200.853522598661
-199.666679216065
-198.473972365199
-197.275520317208
-196.071453043669
-194.861913749341
-193.647060460008
-192.427067895718
-191.20212964213
-189.972460459831
-188.738298730781
-187.499909281166
-186.257586817613
-185.011660153587
-183.762497380703
-182.510511146644
-181.256160124571
-179.999940139649
-178.742365863904
-177.483975141356
-176.225440918882
-174.967885434815
-173.713279534547
-172.4641524263
-171.220963463538
-169.976020599708
-168.708344424455
-167.397057707862
-166.082899414028
-164.981040645728
-164.518423355094
-245.042962376195
-244.655699994922
-243.719273186714
-242.578746689811
-241.427655177258
-240.310292226605
-239.211853391518
-238.113584554389
-237.007175482028
-235.891623316388
-234.768159312403
-233.637800771224
-232.500946510316
-231.357661335384
-230.207939745476
-229.051807802741
-227.889328809543
-226.720584988612
-225.545665672412
-224.364664729206
-223.177682092493
-221.984825907128
-220.786214417101
-219.581977635149
-218.372258882526
-217.157216384084
-215.937025148948
-214.711879149467
-213.481993638253
-212.247607602459
-211.008986594482
-209.766426176045
-208.520256152394
-207.270845751281
-206.018608908373
-204.764005743889
-203.507533696014
-202.249709222218
-200.991072130339
-199.732297514778
-198.474509949723
-197.219682808538
-195.97034802239
-194.72696786445
-193.481853405229
-192.214028548063
-190.902619571166
-189.58836913741
-188.486452233434
-188.023814872873
