0
0
0
0
0
0
0
0
0
0
0
0
0
0
0
0
0
0
0
0
0
0
0
0
0
0
0
0
0
0
0
0
0
0
0
0
0
0
0
0
0
0
0
0
0
0
0
0
0
0
-12.1347918953458
-11.743322978317
-10.8208395965921
-9.74725999728998
-8.72273872884816
-7.78614753824006
-6.91608000217548
-6.08916792485677
-5.29405593154667
-4.5273091494138
-3.78783495825241
-3.07432553008185
-2.38489006988885
-1.71738023672211
-1.06966572243406
-0.439729293002523
0.174339449316926
0.774373226832385
1.36214787157224
1.93939289595725
2.50779771105528
3.069017248444
3.62467790307971
4.17638375742993
4.72572300668134
5.27427442275872
5.82361367106946
6.3753195234659
6.93098017592271
7.49219971220499
8.06060452735661
8.63784955125695
9.22562419298938
9.82565796464235
10.4397267006226
11.0696631273224
11.7173776436739
12.3848874778253
13.0743229311621
13.7878323506122
14.5273065358008
15.2940533172719
16.0891653146256
16.9160773926688
17.7861449239111
18.7227361067332
19.7472573700533
20.820836970126
21.743320357251
22.134789282754
-13.8689086565714
-13.4560375747154
-12.4707150763524
-11.2961783495179
-10.1364966274801
-9.03422135514383
-7.97117398437622
-6.92682453444215
-5.89236570201514
-4.86668133182284
-3.85079602218176
-2.84533281914855
-1.85015921106283
-0.864727532310051
0.111634024122593
1.07961147381681
2.03989731867599
2.99320664933207
3.94028561930674
4.88191031546541
5.81888178993823
6.7520209343849
7.68216404513922
8.6101589714973
9.53686169908119
10.4631331383282
11.3898358648825
12.3178307891128
13.2479738974358
14.1811130404523
15.118084514587
16.0597092098006
17.0067881762402
17.9600975004495
18.9203833383488
19.8883607846753
20.864722342528
21.8501540216075
22.8453276221623
23.8507908158052
24.8666761188387
25.8923604877902
26.9268193237383
27.9711687739173
29.0342161394224
30.1364914035886
31.2961731202035
32.4707098476081
33.4560323512684
33.8689034415715
-12.1425297501852
-11.7224621659411
-10.7156084172882
-9.50537555073491
-8.29610207659978
-7.13069351905354
-5.99139650147208
-4.8581655825147
-3.72272748730044
-2.58454114164921
-1.44523999109693
-0.306083397893214
0.832402769499504
1.97009032725415
3.10696162885589
4.24300284787241
5.3781988968699
6.51255166575879
7.6460901901037
8.77887083240243
9.91097329580288
11.0424962019017
12.1735531289347
13.3042690478944
14.4347770517474
15.5652151894758
16.695723192282
17.8264391090797
18.9574960336308
20.0890189382333
21.2211214012151
22.3539020424749
23.4874405631793
24.621793325506
25.7569893674204
26.8930305829401
28.0299018858289
29.1675894437756
30.3060756035033
31.4452321871853
32.5845333310037
33.7227196752948
34.8581577739198
35.9913886930226
37.1306857052544
38.296094254557
39.5053677232109
40.715600590292
41.7224543442165
42.1425219368992
-8.77976942752623
-8.3562967670481
-7.33924355122436
-6.11206393745527
-4.8791743931851
-3.6835884587088
-2.50768981650076
-1.3315979346352
-0.147230972663116
1.04573560615804
2.24542820513473
3.45032522942583
4.65961805190374
5.87287676633524
7.08976459666922
8.30993272101865
9.53301670935832
10.7586562534963
11.9865067971247
13.2162411479438
14.4475468917935
15.6801233421427
16.9136789239997
18.1479289333844
19.3825935718211
20.6173960723787
21.8520607097652
23.086310716981
24.3198662963458
25.5524427451854
26.7837484886001
28.0134828383614
29.241333378328
30.4669729158806
31.6900568971123
32.9102250179388
34.127112849533
35.3403715641294
36.5496643789152
37.7545613936581
38.9542539858754
40.1472205633124
41.3315875286729
42.5076794106637
43.6835780475045
44.8791639737224
46.1120535124995
47.3392331267878
48.356286347878
48.779759016793
-4.60265622472755
-4.17748888964245
-3.1553587677029
-1.91974133351909
-0.675088464096064
0.535536975143566
1.72968830493889
2.92716969662049
4.1359736343689
5.35632272744092
6.58622935707969
7.82404633642272
9.06882844477646
10.3199987889023
11.5770638561333
12.8395090141103
14.1067956525582
15.3783816422674
16.6537337159085
17.9323298497144
19.2136574632038
20.497211167736
21.7824909605706
23.0690008033375
24.3562474822712
25.6437395647359
26.9309862426187
28.2174960832152
29.5027758735557
30.7863295765756
32.0676571896267
33.3462533223709
34.621605392346
35.8931913754651
37.1604780068
38.4229231612488
39.6799882297345
40.9311585740198
42.175940674676
43.4137576444655
44.6436642673397
45.8640133590227
47.0728173001551
48.2702986919579
49.4644500163824
50.6750754473606
51.9197283112882
53.1553457459895
54.1774758731944
54.602643216716
-0.0166340842152375
0.409384204008599
1.43406367382568
2.67391833101466
3.92447881581494
5.14265789149692
6.34597772277501
7.55420467273026
8.7752869254925
10.0093964859582
11.2544890402754
12.5088548543156
13.7714805703136
15.0417158530452
16.3189887490196
17.6027015120694
18.8922280893029
20.1869349410858
21.486193798151
22.7893844333079
24.09589326335
25.4051115103504
26.716433817413
28.029257256166
29.3429806217293
30.6570038280509
31.9707271925631
33.2835506291455
34.5948729337135
35.904091179201
37.2106000088042
38.5137906428988
39.8130494962969
41.1077563414889
42.3972829116083
43.6809956711288
44.958268568357
46.2285038512469
47.4911295595462
48.7454953640318
49.9905879115834
51.2246974706591
52.4457797268043
53.65400667688
54.8573265027865
56.0755055702064
57.3260660495108
58.5659207072169
59.5906001822991
60.0166184789594
4.77506302439595
5.20150933009072
6.22747109203826
7.46945704245869
8.72298905659008
9.94496767754103
11.1528994452753
12.3665317581741
13.5937905741433
14.8348225022011
16.0875547678787
17.3502462292036
18.6218493029399
19.9016767519063
21.1891171962482
22.4835311014066
23.7842484360686
25.0905896730494
26.4018787354552
27.7174459648196
29.0366269260044
30.3587607772298
31.6831890994467
33.0092551214767
34.3363032357687
35.6636786167778
36.9907267300186
38.316792749878
39.6412210696002
40.9633549193126
42.2825358800584
43.5981031083602
44.9093921670989
46.2157333974885
47.5164507250363
48.8108646266652
50.0983050722606
51.3781325213851
52.6497355874224
53.9124270391925
55.1651592981044
56.406191224772
57.633450044124
58.847082357143
60.0550141195055
61.2769927321944
62.5305247408297
63.7725106917672
64.7984724589799
65.2249187731111
9.67024623780875
10.0969079021427
11.1235148549058
12.366573176655
13.6216003353163
14.8454907291744
16.0557430411428
17.2720951326559
18.5024617840149
19.7469768319602
21.0035531876124
22.2704339113326
23.5465542039333
24.8312082647912
26.1237648794449
27.4235634891067
28.7299119350342
30.0421075503585
31.3594502013412
32.6812453543633
34.0068029830316
35.3354360433445
36.6664594107035
37.9991892147521
39.3329424664408
40.6670367888712
42.0007900395087
43.3335198413866
44.664543206251
45.9931762650509
47.3187338932801
48.6405290452397
49.9578716925552
51.2700673012883
52.5764157401015
53.8762143462337
55.1687709621409
56.4534250231569
57.7295453080586
58.996426022224
60.2530023711104
61.4975174176654
62.7278840724072
63.9442361640405
65.1544884706371
66.378378856233
67.6334060093983
68.8764643316646
69.9030712896928
70.3297329624632
14.6175023389765
15.0442723690402
16.0712039736799
17.3148018993444
18.5705813965402
19.7954337719354
21.0068537553377
22.2245744098348
23.4565048918629
24.7027726118939
25.9612832787892
27.2302720042612
28.5086653267522
29.7957481051484
31.0908791447635
32.3933873078658
33.7025693015237
35.0177108151883
36.3380996097981
37.6630286345109
38.9917949852449
40.3236984327592
41.6580404138436
42.9941234213747
44.3312506874132
45.6687259706633
47.0058532356507
48.3419362410111
49.6762782196008
51.0081816656021
52.336948015897
53.6618770395473
54.9822658304899
56.2974073375632
57.6065893241068
58.9090974836796
60.2042285245482
61.4913113031024
62.7697046178945
64.0386933338115
65.297203993941
66.5434717125818
67.7754021979927
68.99312285261
70.2045428306405
71.4293951977735
72.6851746894733
73.9287726156548
74.9557042255596
75.3824742640598
19.5909612031095
20.0177857621557
21.04488072967
22.2887501808038
23.5449082502999
24.770244689182
25.9822522381253
27.2006615457711
28.4333789387173
29.6805285938347
30.9400125959087
32.2100620569935
33.4895991567276
34.7779040539583
36.0743305320409
37.3782021300007
38.6888099522546
40.0054338292158
41.3273554304743
42.6538614065604
43.9842423733668
45.3177914668579
46.6538033615224
47.9915736882166
49.3303987454595
50.669575315382
52.0084003715737
53.3461706960973
54.682182588267
56.0157316802451
57.3461126466124
58.6726186216359
59.9945402192273
61.3111640895972
62.6217719047369
63.9256434991672
65.2220699785032
66.510374875892
67.7899119679271
69.059961419457
70.3194454147652
71.5665950684923
72.7993124648213
74.0177217725873
75.2297293161588
76.4550657467788
77.7112238107789
78.9550932624297
79.9821882352092
80.4090128026918
