-22.8884857049124
-14.2193314542335
-3.7250246028125
0.875114625118581
1.43864741461161
0.795066484070102
0.286143434248376
0.123371618685795
0.14480942997467
0.204412903562137
0.247315662380807
0.271510752125377
0.287734441116919
0.303030708174693
0.319448689925979
0.336708194605453
0.354193192506832
0.371596238139715
0.388870545409266
0.406054449450608
0.423183923316301
0.440281062949756
0.457358935073759
0.474422987703
0.491475838595236
0.508523925658688
0.525576784112333
0.542640816353602
0.559718647863544
0.576815782231027
0.593945304504013
0.611129264701583
0.62840358433744
0.645806570379891
0.663291448372811
0.680550900516794
0.6969690396976
0.712265576417221
0.728489003398617
0.75268400701776
0.795586703184332
0.855190140897524
0.87662824512796
0.713856451296854
0.204933342761181
-0.438647749432029
0.124884930507929
4.72502429053532
15.2193309053722
23.8884861974334
