%%MatrixMarket matrix array real general
200 1
-4.00718812772127120e-01
-4.00535130121082827e-01
-3.99729070688163435e-01
-3.98456985881606440e-01
-3.96641204720097229e-01
-3.94364658252173761e-01
-3.91605348651689833e-01
-3.88351868821316171e-01
-3.84590332195874685e-01
-3.80413695358759019e-01
-3.75758200240326301e-01
-3.70656359698773419e-01
-3.65111373631026637e-01
-3.59131522139942705e-01
-3.52724676604033283e-01
-3.45898845399449262e-01
-3.38662148768191285e-01
-3.31022828389237578e-01
-3.22989255356435523e-01
-3.14569937998385452e-01
-3.05773529468408189e-01
-2.96608835074768984e-01
-2.87084819320796658e-01
-2.77210612624481267e-01
-2.66995517687729556e-01
-2.56449015485566534e-01
-2.45580770846219598e-01
-2.34400637593509681e-01
-2.22918663223579061e-01
-2.11145093088867919e-01
-1.99090374062900893e-01
-1.86765157660588266e-01
-1.74180302589578756e-01
-1.61346876709497766e-01
-1.48276158376979939e-01
-1.34979637155850013e-01
-1.21469013873134607e-01
-1.07756200003042521e-01
-9.38533163628337136e-02
-7.97726911058815047e-02
-6.55268569992682737e-02
-5.11285479748560256e-02
-3.65906949448726732e-02
-2.19264208748669205e-02
-7.14903510906418540e-03
7.72797305485568072e-03
2.26909415422825687e-02
3.77260434281276313e-02
5.28192956094731478e-02
6.79565682184985753e-02
8.31235947674208581e-02
9.83059830148833025e-02
1.13489226540815960e-01
1.28658717014624502e-01
1.43799757138973167e-01
1.58897574249397211e-01
1.73937334547413752e-01
1.88904157942755557e-01
2.03783133477930839e-01
2.18559335306305030e-01
2.33217839192639970e-01
2.47743739503054533e-01
2.62122166649355504e-01
2.76338304950793090e-01
2.90377410874486375e-01
3.04224831614057944e-01
3.17866023964440858e-01
3.31286573449283028e-01
3.44472213656064952e-01
3.57408845732829106e-01
3.70082557999193373e-01
3.82479645623604647e-01
3.94586630317696252e-01
4.06390279998233683e-01
4.17877628366426002e-01
4.29035994354163397e-01
4.39853001386507070e-01
4.50316596409840453e-01
4.60415068635101676e-01
4.70137067946019449e-01
4.79471622922671759e-01
4.88408158431355210e-01
4.96936512732697455e-01
5.05046954060830666e-01
5.12730196627665613e-01
5.19977416007745497e-01
5.26780263860407438e-01
5.33130881947967761e-01
5.39021915410086261e-01
5.44446525256730984e-01
5.49398400044028401e-01
5.53871766699563173e-01
5.57861400466052815e-01
5.61362633934775035e-01
5.64371365142542492e-01
5.66884064708920832e-01
5.68897781992844909e-01
5.70410150250826087e-01
5.71419390781665260e-01
5.71924316045651304e-01
5.71924331749064097e-01
5.71419437887989878e-01
5.70410228748304160e-01
5.68897891861892102e-01
5.66884205922122408e-01
5.64371537664663414e-01
5.61362837722773622e-01
5.57861635469077188e-01
5.53872032858979568e-01
5.49398697293426386e-01
5.44446853521941998e-01
5.39022274609202490e-01
5.33131271991368449e-01
5.26780684650779096e-01
5.19977867440085451e-01
5.12730678589350175e-01
5.05047466431597925e-01
4.96937055384721216e-01
4.88408731229230231e-01
4.79472225723488077e-01
4.70137700599382591e-01
4.60415730983162852e-01
4.50317288287346684e-01
4.39853722620838439e-01
4.29036744765379119e-01
4.17878407767307392e-01
4.06391088194326899e-01
3.94587467107366419e-01
3.82480510798088369e-01
3.70083451342651248e-01
3.57409767022384472e-01
3.44473162661881716e-01
3.31287549934605019e-01
3.17867027685669379e-01
3.04225862320798734e-01
2.90378468309609616e-01
2.76339388850513568e-01
2.62123276743282618e-01
2.47744875514268853e-01
2.33219000837766255e-01
2.18560522295572296e-01
2.03784345515253817e-01
1.88905394725800063e-01
1.73938595767683946e-01
1.58898859592301600e-01
1.43801066283915091e-01
1.28660049635071494e-01
1.13490582304388646e-01
9.83073615834252484e-02
8.31249957971167547e-02
6.79579913599161478e-02
5.28207405076866615e-02
3.77275097227839848e-02
2.26924288677018346e-02
7.72948104012571684e-03
-7.14750684000026865e-03
-2.19248727031198173e-02
-3.65891272565033246e-02
-5.11269611607855154e-02
-6.55252514551714071e-02
-7.97710672321020886e-02
-9.38516745642621608e-02
-1.07754540689041903e-01
-1.21467337457412325e-01
-1.34977944056375837e-01
-1.48274449015857651e-01
-1.61345151512882118e-01
-1.74178561987558100e-01
-1.86763402087072400e-01
-1.99088603955524635e-01
-2.11143308888864456e-01
-2.22916865375688861e-01
-2.34398826545848482e-01
-2.45578947050187929e-01
-2.56447179395715097e-01
-2.66993669761662389e-01
-2.77208753322732371e-01
-2.87082949106710061e-01
-2.96606954414397828e-01
-3.05771638830375947e-01
-3.14568037853796723e-01
-3.22987346178728707e-01
-3.31020910654083400e-01
-3.38660222953374113e-01
-3.45896911984734545e-01
-3.52722736071057585e-01
-3.59129574972090915e-01
-3.65109420313315169e-01
-3.70654400717715049e-01
-3.75756236083820971e-01
-3.80411726515966442e-01
-3.84588359157086002e-01
-3.88349892077847314e-01
-3.91603368695737974e-01
-3.94362675576710842e-01
-3.96639219818854083e-01
-3.98454999255201114e-01
-3.99727083177940534e-01
-4.00533160774393160e-01
-4.00717854516750349e-01
%%MatrixMarket matrix array integer general
% Format: Version 2.0
%
% This file encodes a Tpetra::Map.
% It is stored as a dense vector, with twice as many 
% entries as the global number of GIDs (global indices).
% (GID, PID) pairs are stored contiguously, where the PID 
% is the rank of the process owning that GID.
400 1
0
0
1
0
2
0
3
0
4
0
5
0
6
0
7
0
8
0
9
0
10
0
11
0
12
0
13
0
14
0
15
0
16
0
17
0
18
0
19
0
20
0
21
0
22
0
23
0
24
0
25
0
26
0
27
0
28
0
29
0
30
0
31
0
32
0
33
0
34
0
35
0
36
0
37
0
38
0
39
0
40
0
41
0
42
0
43
0
44
0
45
0
46
0
47
0
48
0
49
0
50
0
51
0
52
0
53
0
54
0
55
0
56
0
57
0
58
0
59
0
60
0
61
0
62
0
63
0
64
0
65
0
66
0
67
0
68
0
69
0
70
0
71
0
72
0
73
0
74
0
75
0
76
0
77
0
78
0
79
0
80
0
81
0
82
0
83
0
84
0
85
0
86
0
87
0
88
0
89
0
90
0
91
0
92
0
93
0
94
0
95
0
96
0
97
0
98
0
99
0
100
0
101
0
102
0
103
0
104
0
105
0
106
0
107
0
108
0
109
0
110
0
111
0
112
0
113
0
114
0
115
0
116
0
117
0
118
0
119
0
120
0
121
0
122
0
123
0
124
0
125
0
126
0
127
0
128
0
129
0
130
0
131
0
132
0
133
0
134
0
135
0
136
0
137
0
138
0
139
0
140
0
141
0
142
0
143
0
144
0
145
0
146
0
147
0
148
0
149
0
150
0
151
0
152
0
153
0
154
0
155
0
156
0
157
0
158
0
159
0
160
0
161
0
162
0
163
0
164
0
165
0
166
0
167
0
168
0
169
0
170
0
171
0
172
0
173
0
174
0
175
0
176
0
177
0
178
0
179
0
180
0
181
0
182
0
183
0
184
0
185
0
186
0
187
0
188
0
189
0
190
0
191
0
192
0
193
0
194
0
195
0
196
0
197
0
198
0
199
0
