41.428041  76.07746  55.709017  66.819565  67.443469  45.436269  36.480447  49.49705  64.691834  62.866151  67.578866   
43.615097  52.931298  80.203884  79.008976  52.16159  40.771203  56.327809  42.579003  65.689647  44.642365  59.711647   
82.556648  58.163696  58.257836  46.446731  34.090593  73.781705  86.871677  48.918815  51.163442  53.914976  76.361631   
71.865182  85.517188  86.242668  63.010021  48.077419  33.531771  52.017765  57.928641  62.72336  74.211056  49.866808   
56.140519  61.286141  61.550063  45.549797  68.741833  50.052693  41.512853  50.802485  58.84086  64.597983  57.57725   
33.610683  52.281539  67.747393  93.090499  78.729587  42.029085  33.563635  29.270895  44.310001  45.081594  65.034348   
32.492525  69.547465  49.903263  55.792527  61.519098  92.240227  63.595355  35.86045  58.893681  61.587567  80.001052   
91.043355  47.228247  53.812858  52.342885  49.241121  58.939939  64.400538  81.070207  83.975794  80.479999  75.863505   
100.96869  85.587481  50.328296  67.598886  52.538191  55.366215  37.484962  67.374303  81.724749  96.230219  115.8118   
56.123655  64.631198  47.600596  48.81901  26.683768  36.19869  46.739907  52.921506  45.305889  32.270241  72.398217   
