%%MatrixMarket matrix array real general
200 1
1.73857352676330867e+00
1.75521567471183526e+00
1.77026891252206586e+00
1.78374476906730739e+00
1.79572338256968789e+00
1.80625560852387368e+00
1.81536186873793848e+00
1.82313603706451999e+00
1.82957478521552175e+00
1.83477180576631094e+00
1.83874602975401280e+00
1.84155360766771170e+00
1.84323713767237640e+00
1.84384124934318372e+00
1.84340935684929219e+00
1.84198412611944984e+00
1.83960742707725866e+00
1.83632033816880735e+00
1.83216314766159427e+00
1.82717535574001833e+00
1.82139567714626760e+00
1.81486204435116560e+00
1.80761161122998448e+00
1.79968075721904364e+00
1.79110509192942158e+00
1.78191946019460090e+00
1.77215794752933409e+00
1.76185388597754189e+00
1.75103986032750125e+00
1.73974771467309464e+00
1.72800855930033870e+00
1.71585277787890345e+00
1.70331003493878774e+00
1.69040928361279263e+00
1.67717877362587253e+00
1.66364605951292233e+00
1.64983800904697619e+00
1.63578081186027768e+00
1.62149998824107033e+00
1.60702039808942576e+00
1.59236625001584864e+00
1.57756111056678816e+00
1.56262791356164743e+00
1.54758896952624858e+00
1.53246597520814953e+00
1.51728002315956667e+00
1.50205161137409315e+00
1.48680065296375008e+00
1.47154648586330872e+00
1.45630788254917687e+00
1.44110305976053477e+00
1.42594968821073675e+00
1.41086490227736538e+00
1.39586530965967648e+00
1.38096700099249703e+00
1.36618555940599973e+00
1.35153607002106790e+00
1.33703312937034369e+00
1.32269085473531489e+00
1.30852289339013206e+00
1.29454243174316974e+00
1.28076220436759591e+00
1.26719450291257218e+00
1.25385118488693115e+00
1.24074368230750998e+00
1.22788301020456259e+00
1.21527977497696460e+00
1.20294418259017744e+00
1.19088604661020869e+00
1.17911479606705205e+00
1.16763948314134747e+00
1.15646879066824182e+00
1.14561103945267706e+00
1.13507419539056054e+00
1.12486587639050661e+00
1.11499335909106945e+00
1.10546358536859879e+00
1.09628316863108011e+00
1.08745839989352167e+00
1.07899525363066817e+00
1.07089939340303175e+00
1.06317617725241154e+00
1.05583066286330318e+00
1.04886761248675975e+00
1.04229149762349294e+00
1.03610650346315336e+00
1.03031653307695592e+00
1.02492521136095793e+00
1.01993588872751517e+00
1.01535164454258298e+00
1.01117529030674125e+00
1.00740937257796270e+00
1.00405617563433203e+00
1.00111772387509679e+00
9.98595783958578842e-01
9.96491866675664362e-01
9.94807228557737622e-01
9.93542873218096090e-01
9.92699552426041132e-01
9.92277766913009729e-01
9.92277766910259373e-01
9.92699552417790843e-01
9.93542873204349974e-01
9.94807228538501565e-01
9.96491866650946023e-01
9.98595783928388436e-01
1.00111772383944708e+00
1.00405617559323801e+00
1.00740937253144103e+00
1.01117529025481123e+00
1.01535164448526638e+00
1.01993588866483509e+00
1.02492521129294101e+00
1.03031653300362991e+00
1.03610650338454868e+00
1.04229149753964201e+00
1.04886761239769721e+00
1.05583066276906590e+00
1.06317617715303880e+00
1.07089939329856421e+00
1.07899525352114978e+00
1.08745839977899661e+00
1.09628316851159635e+00
1.10546358524420563e+00
1.11499335896181795e+00
1.12486587625645118e+00
1.13507419525175623e+00
1.14561103930918073e+00
1.15646879052011342e+00
1.16763948298864828e+00
1.17911479590984558e+00
1.19088604644856022e+00
1.20294418242415335e+00
1.21527977480663441e+00
1.22788301002999689e+00
1.24074368212878139e+00
1.25385118470411316e+00
1.26719450272574075e+00
1.28076220417682896e+00
1.29454243154854653e+00
1.30852289319173432e+00
1.32269085453322277e+00
1.33703312916464290e+00
1.35153606981184282e+00
1.36618555919333828e+00
1.38096700077648804e+00
1.39586530944040721e+00
1.41086490205492843e+00
1.42594968798522470e+00
1.44110305953204154e+00
1.45630788231779684e+00
1.47154648562913892e+00
1.48680065272688733e+00
1.50205161113463470e+00
1.51728002291761355e+00
1.53246597496380188e+00
1.54758896927960921e+00
1.56262791331281647e+00
1.57756111031587110e+00
1.59236624976294894e+00
1.60702039783464823e+00
1.62149998798452111e+00
1.63578081160206312e+00
1.64983800878720421e+00
1.66364605925170039e+00
1.67717877336331123e+00
1.69040928334899898e+00
1.70331003467387365e+00
1.71585277761297728e+00
1.72800855903351192e+00
1.73974771440547871e+00
1.75103986005920675e+00
1.76185388570868029e+00
1.77215794726001752e+00
1.78191945992494083e+00
1.79110509165953058e+00
1.79968075694903362e+00
1.80761161095996781e+00
1.81486204408125440e+00
1.82139567687657400e+00
1.82717535547065579e+00
1.83216314739267450e+00
1.83632033790044269e+00
1.83960742680956013e+00
1.84198412585253002e+00
1.84340935658326210e+00
1.84384124907815461e+00
1.84323713740845840e+00
1.84155360740501450e+00
1.83874602949264632e+00
1.83477180550638175e+00
1.82957478495713977e+00
1.82313603680779157e+00
1.81536186848296976e+00
1.80625560827077303e+00
1.79572338231855899e+00
1.78374476881826327e+00
1.77026891227542138e+00
1.75521567447267457e+00
1.73857352665165998e+00
%%MatrixMarket matrix array integer general
% Format: Version 2.0
%
% This file encodes a Tpetra::Map.
% It is stored as a dense vector, with twice as many 
% entries as the global number of GIDs (global indices).
% (GID, PID) pairs are stored contiguously, where the PID 
% is the rank of the process owning that GID.
400 1
0
0
1
0
2
0
3
0
4
0
5
0
6
0
7
0
8
0
9
0
10
0
11
0
12
0
13
0
14
0
15
0
16
0
17
0
18
0
19
0
20
0
21
0
22
0
23
0
24
0
25
0
26
0
27
0
28
0
29
0
30
0
31
0
32
0
33
0
34
0
35
0
36
0
37
0
38
0
39
0
40
0
41
0
42
0
43
0
44
0
45
0
46
0
47
0
48
0
49
0
50
0
51
0
52
0
53
0
54
0
55
0
56
0
57
0
58
0
59
0
60
0
61
0
62
0
63
0
64
0
65
0
66
0
67
0
68
0
69
0
70
0
71
0
72
0
73
0
74
0
75
0
76
0
77
0
78
0
79
0
80
0
81
0
82
0
83
0
84
0
85
0
86
0
87
0
88
0
89
0
90
0
91
0
92
0
93
0
94
0
95
0
96
0
97
0
98
0
99
0
100
0
101
0
102
0
103
0
104
0
105
0
106
0
107
0
108
0
109
0
110
0
111
0
112
0
113
0
114
0
115
0
116
0
117
0
118
0
119
0
120
0
121
0
122
0
123
0
124
0
125
0
126
0
127
0
128
0
129
0
130
0
131
0
132
0
133
0
134
0
135
0
136
0
137
0
138
0
139
0
140
0
141
0
142
0
143
0
144
0
145
0
146
0
147
0
148
0
149
0
150
0
151
0
152
0
153
0
154
0
155
0
156
0
157
0
158
0
159
0
160
0
161
0
162
0
163
0
164
0
165
0
166
0
167
0
168
0
169
0
170
0
171
0
172
0
173
0
174
0
175
0
176
0
177
0
178
0
179
0
180
0
181
0
182
0
183
0
184
0
185
0
186
0
187
0
188
0
189
0
190
0
191
0
192
0
193
0
194
0
195
0
196
0
197
0
198
0
199
0
