[s1111196:09865] shmem: mmap: an error occurred while determining whether or not /var/folders/8b/ghg0wc_j6kxb598lgwkzgby4000q30/T//ompi.s1111196.23648/jf.0/740360192/sm_segment.s1111196.23648.2c210000.0 could be created.

*********************************************************
***** Writing the solution to output.exo
*********************************************************
           Step size           grad'*dir           FD approx           abs error
           ---------           ---------           ---------           ---------
   1.00000000000e+00  -7.73498409836e+01  -7.51890026937e+01   2.16083828992e+00
   1.00000000000e-01  -7.73498409836e+01  -7.71337571546e+01   2.16083828986e-01
   1.00000000000e-02  -7.73498409836e+01  -7.73282326007e+01   2.16083829041e-02
   1.00000000000e-03  -7.73498409836e+01  -7.73476801454e+01   2.16083821945e-03
   1.00000000000e-04  -7.73498409836e+01  -7.73496248962e+01   2.16087412838e-04
   1.00000000000e-05  -7.73498409836e+01  -7.73498193780e+01   2.16056132842e-05
   1.00000000000e-06  -7.73498409836e+01  -7.73498385342e+01   2.44938112814e-06
   1.00000000000e-07  -7.73498409836e+01  -7.73498402395e+01   7.44078562320e-07
   1.00000000000e-08  -7.73498409836e+01  -7.73498641138e+01   2.31301573592e-05
   1.00000000000e-09  -7.73498409836e+01  -7.73495685280e+01   2.72455620717e-04
   1.00000000000e-10  -7.73498409836e+01  -7.73502506490e+01   4.09665405613e-04
   1.00000000000e-11  -7.73498409836e+01  -7.73979991209e+01   4.81581372487e-02
   1.00000000000e-12  -7.73498409836e+01  -7.73070496507e+01   4.27913329286e-02

Truncated CG Trust-Region Solver with Limited-Memory BFGS Hessian Approximation
  iter  value          gnorm          snorm          delta          #fval     #grad     tr_flag   iterCG    flagCG    
  0     9.699675e+02   1.184671e+01                  1.000000e+02   
  1     8.373906e+02   1.053604e+01   1.184671e+01   2.500000e+02   2         2         0         1         0         
  2     3.255749e+02   1.052874e+00   9.656889e+01   6.250000e+02   3         3         0         2         0         
  3     3.156569e+02   1.031119e+00   9.806364e+00   1.562500e+03   4         4         0         3         0         
  4     1.795307e+02   5.391939e-01   2.578495e+02   3.906250e+03   5         5         0         3         0         
  5     1.662563e+02   2.435880e-01   5.973873e+01   9.765625e+03   6         6         0         4         0         
  6     1.335616e+02   7.503979e-01   2.751081e+02   2.441406e+04   7         7         0         4         0         
  7     1.272756e+02   4.771095e-01   9.108309e+01   6.103516e+04   8         8         0         5         0         
  8     1.242451e+02   1.214697e-01   5.518857e+01   1.525879e+05   9         9         0         5         0         
  9     1.234931e+02   2.085746e-01   1.420810e+01   3.814697e+05   10        10        0         6         0         
  10    1.222739e+02   3.819377e-01   2.154978e+01   9.536743e+05   11        11        0         6         0         
  11    1.198312e+02   5.685386e-01   4.556578e+01   2.384186e+06   12        12        0         6         0         
  12    1.163901e+02   5.790365e-01   7.110475e+01   5.960464e+06   13        13        0         6         0         
  13    1.163901e+02   5.790365e-01   2.030176e+02   5.075439e+01   14        13        2         7         0         
  14    1.119599e+02   1.187526e-01   5.075439e+01   1.268860e+02   15        14        0         2         3         
  15    1.079034e+02   4.370521e-01   1.157145e+02   3.172149e+02   16        15        0         7         0         
  16    1.066234e+02   4.920261e-01   3.946275e+01   7.930373e+02   17        16        0         8         0         
  17    9.934553e+01   5.804286e-01   2.744704e+02   1.982593e+03   18        17        0         8         0         
  18    9.934553e+01   5.804286e-01   5.568212e+02   1.392053e+02   19        17        2         8         0         
  19    9.768911e+01   1.762008e-01   1.392053e+02   1.392053e+02   20        18        0         4         3         
  20    9.424916e+01   1.012448e-01   1.224908e+02   3.480132e+02   21        19        0         9         0         
  21    9.336481e+01   3.584914e-02   3.865360e+01   8.700331e+02   22        20        0         8         0         
  22    9.303689e+01   5.762496e-02   1.347489e+01   2.175083e+03   23        21        0         9         0         
  23    9.257977e+01   9.027289e-02   2.606190e+01   5.437707e+03   24        22        0         9         0         
  24    9.165125e+01   7.446003e-02   6.029522e+01   1.359427e+04   25        23        0         9         0         
  25    9.034317e+01   7.168460e-02   9.520741e+01   3.398567e+04   26        24        0         9         0         
  26    9.034317e+01   7.168460e-02   2.095211e+02   5.238029e+01   27        24        2         9         0         
  27    8.934634e+01   1.414653e-01   5.238029e+01   1.309507e+02   28        25        0         4         3         
  28    8.834706e+01   6.287413e-02   1.309507e+02   1.309507e+02   29        26        0         8         3         
  29    8.806140e+01   4.183327e-02   2.214016e+01   3.273768e+02   30        27        0         10        0         
  30    8.743166e+01   1.095103e-01   6.653763e+01   8.184420e+02   31        28        0         10        0         
  31    8.657393e+01   4.335851e-02   8.945886e+01   2.046105e+03   32        29        0         10        0         
  32    8.657393e+01   4.335851e-02   4.470143e+02   1.117536e+02   33        29        2         10        0         
  33    8.535894e+01   2.358682e-01   1.117536e+02   2.793839e+02   34        30        0         6         3         
  34    8.365138e+01   1.767050e-01   2.184753e+02   6.984598e+02   35        31        0         11        0         
  35    8.269883e+01   1.666004e-01   2.768352e+02   1.746149e+03   36        32        0         10        0         
  36    8.269883e+01   1.666004e-01   1.746149e+03   3.112965e+02   37        32        2         6         3         
  37    8.269883e+01   1.666004e-01   3.112965e+02   5.505929e+01   38        32        2         5         3         
  38    8.198090e+01   6.855741e-02   5.505929e+01   5.505929e+01   39        33        0         3         3         
  39    8.149973e+01   3.855289e-02   5.505929e+01   5.505929e+01   40        34        0         5         3         
  40    8.132929e+01   3.281040e-02   3.821514e+01   1.376482e+02   41        35        0         12        0         
  41    8.132929e+01   3.281040e-02   1.376484e+02   2.500181e+01   42        35        2         9         3         
  42    8.123563e+01   3.580856e-02   2.500181e+01   2.500181e+01   43        36        0         3         3         
  43    8.112907e+01   1.660466e-02   2.500212e+01   6.250453e+01   44        37        0         9         3         
  44    8.105290e+01   2.405758e-02   1.685020e+01   1.562613e+02   45        38        0         12        0         
  45    8.092197e+01   2.317828e-02   4.380324e+01   3.906533e+02   46        39        0         13        0         
  46    8.084944e+01   9.435716e-02   3.044073e+01   3.906533e+02   47        40        0         13        0         
  47    8.076530e+01   4.246882e-02   1.135486e+01   9.766332e+02   48        41        0         14        0         
  48    8.067688e+01   3.396560e-02   2.554998e+01   2.441583e+03   49        42        0         14        0         
  49    8.063241e+01   3.990492e-02   1.478399e+01   6.103958e+03   50        43        0         13        0         
  50    8.052116e+01   3.732578e-02   2.053976e+01   1.525989e+04   51        44        0         13        0         
  51    8.037230e+01   2.856845e-02   3.625341e+01   3.814973e+04   52        45        0         13        0         
  52    8.015646e+01   4.431759e-02   6.869262e+01   9.537434e+04   53        46        0         13        0         
  53    7.998207e+01   5.691558e-02   3.854223e+01   2.384358e+05   54        47        0         13        0         
  54    7.980232e+01   4.750397e-02   5.486403e+01   5.960896e+05   55        48        0         13        0         
  55    7.978548e+01   2.572735e-02   3.718317e+01   5.960896e+05   56        49        0         13        0         
  56    7.969005e+01   2.368754e-02   2.633709e+01   1.490224e+06   57        50        0         13        0         
  57    7.965473e+01   5.724212e-02   3.242013e+01   1.490224e+06   58        51        0         14        0         
  58    7.960728e+01   1.926909e-02   1.965931e+01   3.725560e+06   59        52        0         14        0         
  59    7.956889e+01   4.137949e-02   1.888951e+01   9.313900e+06   60        53        0         14        0         
  60    7.949683e+01   6.550825e-02   3.418505e+01   2.328475e+07   61        54        0         14        0         
  61    7.938078e+01   7.036182e-02   5.114886e+01   5.821188e+07   62        55        0         14        0         
  62    7.921055e+01   1.139468e-01   1.857135e+02   5.821188e+07   63        56        0         15        0         
  63    7.902743e+01   4.688223e-02   5.954296e+01   5.821188e+07   64        57        0         14        0         
  64    7.889585e+01   1.839351e-02   3.012251e+01   1.455297e+08   65        58        0         14        0         
  65    7.877916e+01   2.817486e-02   2.983454e+01   3.638242e+08   66        59        0         14        0         
  66    7.872212e+01   2.403626e-02   1.518887e+01   9.095606e+08   67        60        0         14        0         
  67    7.867032e+01   3.384602e-02   5.868237e+01   9.095606e+08   68        61        0         14        0         
  68    7.865726e+01   1.030045e-01   3.071667e+01   9.095606e+08   69        62        0         15        0         
  69    7.858299e+01   1.760289e-02   2.270656e+01   2.273901e+09   70        63        0         15        0         
  70    7.857117e+01   1.700119e-02   1.246403e+01   5.684753e+09   71        64        0         15        0         
  71    7.853097e+01   1.851849e-02   3.132186e+01   1.421188e+10   72        65        0         15        0         
  72    7.853097e+01   1.851849e-02   2.614326e+02   6.535814e+01   73        65        2         16        0         
  73    7.853097e+01   1.851849e-02   6.535793e+01   1.141044e+01   74        65        2         9         3         
  74    7.846420e+01   3.872214e-02   1.141044e+01   2.852610e+01   75        66        0         3         3         
  75    7.838533e+01   2.014173e-02   2.852611e+01   7.131525e+01   76        67        0         10        3         
  76    7.830149e+01   2.077394e-02   7.131525e+01   1.782881e+02   77        68        0         13        3         
  77    7.821254e+01   9.547743e-02   1.782881e+02   1.782881e+02   78        69        0         11        3         
  78    7.803227e+01   3.675209e-02   3.726226e+01   4.457203e+02   79        70        0         16        0         
  79    7.796098e+01   1.499709e-02   2.674517e+01   1.114301e+03   80        71        0         15        0         
  80    7.789155e+01   1.931409e-02   3.165516e+01   2.785752e+03   81        72        0         15        0         
  81    7.780271e+01   2.846948e-02   2.905708e+01   6.964379e+03   82        73        0         15        0         
  82    7.780271e+01   2.846948e-02   1.016126e+02   2.540315e+01   83        73        2         15        0         
  83    7.771416e+01   5.049978e-02   2.540315e+01   6.350787e+01   84        74        0         6         3         
  84    7.759311e+01   1.455749e-02   6.350783e+01   1.587697e+02   85        75        0         13        3         
  85    7.756651e+01   1.794836e-02   2.012710e+01   3.969242e+02   86        76        0         15        0         
  86    7.755533e+01   2.210479e-02   1.621527e+01   3.969242e+02   87        77        0         14        0         
  87    7.754817e+01   8.769725e-03   4.574621e+00   9.923105e+02   88        78        0         15        0         
  88    7.754338e+01   1.035941e-02   3.576171e+00   2.480776e+03   89        79        0         15        0         
  89    7.753604e+01   1.511225e-02   6.806122e+00   6.201941e+03   90        80        0         15        0         
  90    7.752270e+01   1.908509e-02   1.167928e+01   1.550485e+04   91        81        0         16        0         
  91    7.750878e+01   1.107518e-02   1.388404e+01   3.876213e+04   92        82        0         16        0         
  92    7.750300e+01   7.346725e-03   1.025109e+01   9.690533e+04   93        83        0         16        0         
  93    7.750300e+01   7.346725e-03   1.072599e+01   2.681498e+00   94        83        2         15        0         
  94    7.749796e+01   1.904298e-02   2.681498e+00   6.703746e+00   95        84        0         5         3         
  95    7.749394e+01   1.928883e-02   2.083526e+00   1.675936e+01   96        85        0         15        0         
  96    7.747211e+01   2.247491e-02   1.267932e+01   4.189841e+01   97        86        0         17        0         
  97    7.747001e+01   3.125185e-02   1.434426e+01   4.189841e+01   98        87        0         17        0         
  98    7.745820e+01   8.058924e-03   4.028623e+00   1.047460e+02   99        88        0         16        0         
  99    7.745514e+01   5.839434e-03   3.655762e+00   2.618651e+02   100       89        0         15        0         
  100   7.745106e+01   4.997961e-03   4.780916e+00   6.546627e+02   101       90        0         15        0         
Optimization Terminated with Status: Iteration Limit Exceeded

Truncated CG Trust-Region Solver with Limited-Memory BFGS Hessian Approximation
  iter  value          gnorm          snorm          delta          #fval     #grad     tr_flag   iterCG    flagCG    
  0     9.699675e+02   1.184671e+01                  1.000000e+02   
  1     8.373906e+02   1.053604e+01   1.184671e+01   2.500000e+02   2         2         0         1         0         
  2     3.255749e+02   1.052874e+00   9.656889e+01   6.250000e+02   3         3         0         2         0         
  3     3.156569e+02   1.031119e+00   9.806364e+00   1.562500e+03   4         4         0         3         0         
  4     1.795307e+02   5.391939e-01   2.578495e+02   3.906250e+03   5         5         0         3         0         
  5     1.662563e+02   2.435880e-01   5.973873e+01   9.765625e+03   6         6         0         4         0         
  6     1.335616e+02   7.503979e-01   2.751081e+02   2.441406e+04   7         7         0         4         0         
  7     1.272756e+02   4.771095e-01   9.108309e+01   6.103516e+04   8         8         0         5         0         
  8     1.242451e+02   1.214697e-01   5.518857e+01   1.525879e+05   9         9         0         5         0         
  9     1.234931e+02   2.085746e-01   1.420810e+01   3.814697e+05   10        10        0         6         0         
  10    1.222739e+02   3.819377e-01   2.154978e+01   9.536743e+05   11        11        0         6         0         
  11    1.198312e+02   5.685386e-01   4.556578e+01   2.384186e+06   12        12        0         6         0         
  12    1.163901e+02   5.790365e-01   7.110475e+01   5.960464e+06   13        13        0         6         0         
  13    1.163901e+02   5.790365e-01   2.030176e+02   5.075439e+01   14        13        2         7         0         
  14    1.119599e+02   1.187526e-01   5.075439e+01   1.268860e+02   15        14        0         2         3         
  15    1.079034e+02   4.370521e-01   1.157145e+02   3.172149e+02   16        15        0         7         0         
  16    1.066234e+02   4.920261e-01   3.946275e+01   7.930373e+02   17        16        0         8         0         
  17    9.934553e+01   5.804286e-01   2.744704e+02   1.982593e+03   18        17        0         8         0         
  18    9.934553e+01   5.804286e-01   5.568212e+02   1.392053e+02   19        17        2         8         0         
  19    9.768911e+01   1.762008e-01   1.392053e+02   1.392053e+02   20        18        0         4         3         
  20    9.424916e+01   1.012448e-01   1.224908e+02   3.480132e+02   21        19        0         9         0         
  21    9.336481e+01   3.584914e-02   3.865360e+01   8.700331e+02   22        20        0         8         0         
  22    9.303689e+01   5.762496e-02   1.347489e+01   2.175083e+03   23        21        0         9         0         
  23    9.257977e+01   9.027289e-02   2.606190e+01   5.437707e+03   24        22        0         9         0         
  24    9.165125e+01   7.446003e-02   6.029522e+01   1.359427e+04   25        23        0         9         0         
  25    9.034317e+01   7.168460e-02   9.520741e+01   3.398567e+04   26        24        0         9         0         
  26    9.034317e+01   7.168460e-02   2.095211e+02   5.238029e+01   27        24        2         9         0         
  27    8.934634e+01   1.414653e-01   5.238029e+01   1.309507e+02   28        25        0         4         3         
  28    8.834706e+01   6.287413e-02   1.309507e+02   1.309507e+02   29        26        0         8         3         
  29    8.806140e+01   4.183327e-02   2.214016e+01   3.273768e+02   30        27        0         10        0         
  30    8.743166e+01   1.095103e-01   6.653763e+01   8.184420e+02   31        28        0         10        0         
  31    8.657393e+01   4.335851e-02   8.945886e+01   2.046105e+03   32        29        0         10        0         
  32    8.657393e+01   4.335851e-02   4.470143e+02   1.117536e+02   33        29        2         10        0         
  33    8.535894e+01   2.358682e-01   1.117536e+02   2.793839e+02   34        30        0         6         3         
  34    8.365138e+01   1.767050e-01   2.184753e+02   6.984598e+02   35        31        0         11        0         
  35    8.269883e+01   1.666004e-01   2.768352e+02   1.746149e+03   36        32        0         10        0         
  36    8.269883e+01   1.666004e-01   1.746149e+03   3.112965e+02   37        32        2         6         3         
  37    8.269883e+01   1.666004e-01   3.112965e+02   5.505929e+01   38        32        2         5         3         
  38    8.198090e+01   6.855741e-02   5.505929e+01   5.505929e+01   39        33        0         3         3         
  39    8.149973e+01   3.855289e-02   5.505929e+01   5.505929e+01   40        34        0         5         3         
  40    8.132929e+01   3.281040e-02   3.821514e+01   1.376482e+02   41        35        0         12        0         
  41    8.132929e+01   3.281040e-02   1.376484e+02   2.500181e+01   42        35        2         9         3         
  42    8.123563e+01   3.580856e-02   2.500181e+01   2.500181e+01   43        36        0         3         3         
  43    8.112907e+01   1.660466e-02   2.500212e+01   6.250453e+01   44        37        0         9         3         
  44    8.105290e+01   2.405758e-02   1.685020e+01   1.562613e+02   45        38        0         12        0         
  45    8.092197e+01   2.317828e-02   4.380324e+01   3.906533e+02   46        39        0         13        0         
  46    8.084944e+01   9.435716e-02   3.044073e+01   3.906533e+02   47        40        0         13        0         
  47    8.076530e+01   4.246882e-02   1.135486e+01   9.766332e+02   48        41        0         14        0         
  48    8.067688e+01   3.396560e-02   2.554998e+01   2.441583e+03   49        42        0         14        0         
  49    8.063241e+01   3.990492e-02   1.478399e+01   6.103958e+03   50        43        0         13        0         
  50    8.052116e+01   3.732578e-02   2.053976e+01   1.525989e+04   51        44        0         13        0         
  51    8.037230e+01   2.856845e-02   3.625341e+01   3.814973e+04   52        45        0         13        0         
  52    8.015646e+01   4.431759e-02   6.869262e+01   9.537434e+04   53        46        0         13        0         
  53    7.998207e+01   5.691558e-02   3.854223e+01   2.384358e+05   54        47        0         13        0         
  54    7.980232e+01   4.750397e-02   5.486403e+01   5.960896e+05   55        48        0         13        0         
  55    7.978548e+01   2.572735e-02   3.718317e+01   5.960896e+05   56        49        0         13        0         
  56    7.969005e+01   2.368754e-02   2.633709e+01   1.490224e+06   57        50        0         13        0         
  57    7.965473e+01   5.724212e-02   3.242013e+01   1.490224e+06   58        51        0         14        0         
  58    7.960728e+01   1.926909e-02   1.965931e+01   3.725560e+06   59        52        0         14        0         
  59    7.956889e+01   4.137949e-02   1.888951e+01   9.313900e+06   60        53        0         14        0         
  60    7.949683e+01   6.550825e-02   3.418505e+01   2.328475e+07   61        54        0         14        0         
  61    7.938078e+01   7.036182e-02   5.114886e+01   5.821188e+07   62        55        0         14        0         
  62    7.921055e+01   1.139468e-01   1.857135e+02   5.821188e+07   63        56        0         15        0         
  63    7.902743e+01   4.688223e-02   5.954296e+01   5.821188e+07   64        57        0         14        0         
  64    7.889585e+01   1.839351e-02   3.012251e+01   1.455297e+08   65        58        0         14        0         
  65    7.877916e+01   2.817486e-02   2.983454e+01   3.638242e+08   66        59        0         14        0         
  66    7.872212e+01   2.403626e-02   1.518887e+01   9.095606e+08   67        60        0         14        0         
  67    7.867032e+01   3.384602e-02   5.868237e+01   9.095606e+08   68        61        0         14        0         
  68    7.865726e+01   1.030045e-01   3.071667e+01   9.095606e+08   69        62        0         15        0         
  69    7.858299e+01   1.760289e-02   2.270656e+01   2.273901e+09   70        63        0         15        0         
  70    7.857117e+01   1.700119e-02   1.246403e+01   5.684753e+09   71        64        0         15        0         
  71    7.853097e+01   1.851849e-02   3.132186e+01   1.421188e+10   72        65        0         15        0         
  72    7.853097e+01   1.851849e-02   2.614326e+02   6.535814e+01   73        65        2         16        0         
  73    7.853097e+01   1.851849e-02   6.535793e+01   1.141044e+01   74        65        2         9         3         
  74    7.846420e+01   3.872214e-02   1.141044e+01   2.852610e+01   75        66        0         3         3         
  75    7.838533e+01   2.014173e-02   2.852611e+01   7.131525e+01   76        67        0         10        3         
  76    7.830149e+01   2.077394e-02   7.131525e+01   1.782881e+02   77        68        0         13        3         
  77    7.821254e+01   9.547743e-02   1.782881e+02   1.782881e+02   78        69        0         11        3         
  78    7.803227e+01   3.675209e-02   3.726226e+01   4.457203e+02   79        70        0         16        0         
  79    7.796098e+01   1.499709e-02   2.674517e+01   1.114301e+03   80        71        0         15        0         
  80    7.789155e+01   1.931409e-02   3.165516e+01   2.785752e+03   81        72        0         15        0         
  81    7.780271e+01   2.846948e-02   2.905708e+01   6.964379e+03   82        73        0         15        0         
  82    7.780271e+01   2.846948e-02   1.016126e+02   2.540315e+01   83        73        2         15        0         
  83    7.771416e+01   5.049978e-02   2.540315e+01   6.350787e+01   84        74        0         6         3         
  84    7.759311e+01   1.455749e-02   6.350783e+01   1.587697e+02   85        75        0         13        3         
  85    7.756651e+01   1.794836e-02   2.012710e+01   3.969242e+02   86        76        0         15        0         
  86    7.755533e+01   2.210479e-02   1.621527e+01   3.969242e+02   87        77        0         14        0         
  87    7.754817e+01   8.769725e-03   4.574621e+00   9.923105e+02   88        78        0         15        0         
  88    7.754338e+01   1.035941e-02   3.576171e+00   2.480776e+03   89        79        0         15        0         
  89    7.753604e+01   1.511225e-02   6.806122e+00   6.201941e+03   90        80        0         15        0         
  90    7.752270e+01   1.908509e-02   1.167928e+01   1.550485e+04   91        81        0         16        0         
  91    7.750878e+01   1.107518e-02   1.388404e+01   3.876213e+04   92        82        0         16        0         
  92    7.750300e+01   7.346725e-03   1.025109e+01   9.690533e+04   93        83        0         16        0         
  93    7.750300e+01   7.346725e-03   1.072599e+01   2.681498e+00   94        83        2         15        0         
  94    7.749796e+01   1.904298e-02   2.681498e+00   6.703746e+00   95        84        0         5         3         
  95    7.749394e+01   1.928883e-02   2.083526e+00   1.675936e+01   96        85        0         15        0         
  96    7.747211e+01   2.247491e-02   1.267932e+01   4.189841e+01   97        86        0         17        0         
  97    7.747001e+01   3.125185e-02   1.434426e+01   4.189841e+01   98        87        0         17        0         
  98    7.745820e+01   8.058924e-03   4.028623e+00   1.047460e+02   99        88        0         16        0         
  99    7.745514e+01   5.839434e-03   3.655762e+00   2.618651e+02   100       89        0         15        0         
  100   7.745106e+01   4.997961e-03   4.780916e+00   6.546627e+02   101       90        0         15        0         
Optimization Terminated with Status: Iteration Limit Exceeded
%%MatrixMarket matrix array real general
256 1
3.24570834550353524e+01
1.31097736841493855e+02
5.12855001430821517e+02
1.29729418861953093e+02
6.45692047903164337e+01
1.71423005849535855e+02
8.00295348999966762e+01
2.62939357415267239e+02
8.75084399398350001e+01
2.92334377290338068e+02
8.18697837977157832e+01
2.60095215936656643e+02
8.50694199334582635e+01
2.78030344585806404e+02
8.46151475444003722e+01
2.73441042913436945e+02
8.46151704784947043e+01
2.73441179473975183e+02
8.50694847725818306e+01
2.78030730668787783e+02
8.18698793368568829e+01
2.60095784822317398e+02
8.75085496675101524e+01
2.92335030661305666e+02
8.00296398494965615e+01
2.62939982334705689e+02
6.45692868141988185e+01
1.71423494259035920e+02
1.31097781744668282e+02
5.12855268805531523e+02
3.24570911616661988e+01
1.29729464750787542e+02
1.47275296433461051e+02
5.78764073495697389e+01
-2.69037320538794972e+02
-1.07170452932190443e+02
-1.07085069024330508e+02
-1.56307152410310835e+02
-1.23883706558649791e+02
-1.39970373256373051e+02
-1.39970106331716892e+02
-1.23882951911300211e+02
-1.56306040452123625e+02
-1.07083791929424308e+02
-1.07169231449631653e+02
-2.69036365882264420e+02
1.47275819049750197e+02
5.78764970449289535e+01
2.37490920149655153e+02
7.21138034452973358e+01
-9.19649385459133129e+01
6.77798476444150708e+01
4.10216274283182258e+01
9.31417776323641711e+00
5.68479997110317896e+01
2.94785730561532446e+01
2.94789583207561172e+01
5.68490889286039973e+01
9.31578270380951601e+00
4.10234707181143108e+01
6.77816106658892039e+01
-9.19635606472075153e+01
2.37491674464864758e+02
7.21139329064663883e+01
2.60290660588668800e+02
7.76720821430618145e+01
-9.03044884343974559e+01
3.83096030532789911e+01
1.09586159337198090e+01
-8.80971084196427334e+00
3.62492245544330061e+01
-3.88139566943942027e-01
-3.87653215457664402e-01
3.62505995639950882e+01
-8.80768479266111903e+00
1.09609428705745220e+01
3.83118286602395131e+01
-9.03027490004745488e+01
2.60291612821928254e+02
7.76722455723450480e+01
2.22270423874802219e+02
7.04521328629261347e+01
-1.39923716429880614e+02
2.47872106267414738e+00
-1.32832635348872401e+01
-3.92106119955200896e+01
-2.77827354250873393e+00
-3.94223194827542827e+01
-3.94217537139124303e+01
-2.77667400535529207e+00
-3.92082551093747185e+01
-1.32805566291168109e+01
2.48131009124948454e+00
-1.39921692962416586e+02
2.22271531598215375e+02
7.04523229785959018e+01
2.38913837697300863e+02
7.30336906328365529e+01
-1.02919877751646283e+02
5.40269359067547157e+01
3.71047376868750618e+01
3.73161567517929216e+00
4.23383227257846571e+01
1.44438131244757173e+01
1.44444332342855777e+01
4.23400758958417001e+01
3.73419893556732951e+00
3.71077045849932077e+01
5.40297736049919379e+01
-1.02917659936312972e+02
2.38915051813592441e+02
7.30338990084178050e+01
2.31756979088213797e+02
7.19442735619457920e+01
-1.20387554401775802e+02
2.34579639787683050e+01
-3.32387326100712599e+00
-3.70312317948355414e+01
9.72530173170460799e+00
-1.00682344100880865e+01
-1.00675872889694986e+01
9.72713126820516827e+00
-3.70285360099715462e+01
-3.32077712828959415e+00
2.34609252829444621e+01
-1.20385239982675785e+02
2.31758246088446612e+02
7.19444910137561351e+01
2.31756393354027637e+02
7.19441752191801100e+01
-1.20388700191666260e+02
2.34563081079472511e+01
-3.32596715423798495e+00
-3.70336726087859418e+01
9.72262026723468864e+00
-1.00710396468251897e+01
-1.00703938638026731e+01
9.72444602021247917e+00
-3.70309823994349685e+01
-3.32287742553176857e+00
2.34592632860168280e+01
-1.20386390561583639e+02
2.31757657731857279e+02
7.19443922209312774e+01
2.38912181713756354e+02
7.30334125989817835e+01
-1.02923117120540809e+02
5.40222544413046677e+01
3.70988178477479522e+01
3.72471502412902522e+00
4.23307417098706935e+01
1.44358821804049224e+01
1.44364985065996105e+01
4.23324841825192095e+01
3.72728252144006156e+00
3.71017666399510020e+01
5.40250748194672070e+01
-1.02920912844818844e+02
2.38913388416149303e+02
7.30336197019519915e+01
2.22267983817241003e+02
7.04517231857508364e+01
-1.39928489572956238e+02
2.47182301969157026e+00
-1.32919862958717019e+01
-3.92207799628084857e+01
-2.78944401384044971e+00
-3.94340055662374311e+01
-3.94334453729345498e+01
-2.78786023990756604e+00
-3.92184463047912928e+01
-1.32893060706954387e+01
2.47438652567503858e+00
-1.39926486057200776e+02
2.22269080615531720e+02
7.04519114261425869e+01
2.60287858161354052e+02
7.76716116252658395e+01
-9.03099704304410977e+01
3.83016805917841623e+01
1.09485977678697939e+01
-8.82138883989334488e+00
3.62363951714413304e+01
-4.01561135510230316e-01
-4.01081188190997140e-01
3.62377520747216550e+01
-8.81938947133437345e+00
1.09508940586268988e+01
3.83038768826883285e+01
-9.03082539136158431e+01
2.60288797845689544e+02
7.76717729005580395e+01
2.37488239761473011e+02
7.21133534173593631e+01
-9.19701818137086491e+01
6.77722701882587160e+01
4.10120455311378223e+01
9.30300831551115159e+00
5.68357290178785419e+01
2.94657359645937582e+01
2.94661151029259933e+01
5.68368009147297926e+01
9.30458773305941556e+00
4.10138595045313252e+01
6.77740051655309799e+01
-9.19688258378377839e+01
2.37488982072062043e+02
7.21134808180091369e+01
1.47273201565359216e+02
5.78760556284132477e+01
-2.69041418434197169e+02
-1.07176375120067505e+02
-1.07092557790128097e+02
-1.56315881932172573e+02
-1.23893296763959867e+02
-1.39980406133352119e+02
-1.39980143997809819e+02
-1.23892555656632354e+02
-1.56314789926380399e+02
-1.07091303612856521e+02
-1.07175175560551367e+02
-2.69040480915445698e+02
1.47273714797395115e+02
5.78761437129571590e+01
5.12853854620730658e+02
1.29729226316368681e+02
1.71420762507886337e+02
2.62936115388413953e+02
2.92330277660206548e+02
2.60090437069842608e+02
2.78025094548333868e+02
2.73435550540229031e+02
2.73435684478287556e+02
2.78025473216903890e+02
2.60090995030109468e+02
2.92330918481852621e+02
2.62936728303222878e+02
1.71421241532917492e+02
5.12854116856731480e+02
1.29729271323202738e+02
1.31097540017495561e+02
3.24570504089575920e+01
6.45688197716835219e+01
8.00289784798048771e+01
8.75077363315254786e+01
8.18689636138849295e+01
8.50685188838306203e+01
8.46142049033329471e+01
8.46142273872689259e+01
8.50685824502967733e+01
8.18690572776896914e+01
8.75078439051531944e+01
8.00290813687023501e+01
6.45689001848113122e+01
1.31097584038655526e+02
3.24570579641857506e+01
%%MatrixMarket matrix array integer general
% Format: Version 2.0
%
% This file encodes a Tpetra::Map.
% It is stored as a dense vector, with twice as many 
% entries as the global number of GIDs (global indices).
% (GID, PID) pairs are stored contiguously, where the PID 
% is the rank of the process owning that GID.
512 1
0
0
1
0
17
0
16
0
2
0
18
0
3
0
19
0
4
0
20
0
5
0
21
0
6
0
22
0
7
0
23
0
8
0
24
0
9
0
25
0
10
0
26
0
11
0
27
0
12
0
28
0
13
0
29
0
14
0
30
0
15
0
31
0
33
0
32
0
34
0
35
0
36
0
37
0
38
0
39
0
40
0
41
0
42
0
43
0
44
0
45
0
46
0
47
0
49
0
48
0
50
0
51
0
52
0
53
0
54
0
55
0
56
0
57
0
58
0
59
0
60
0
61
0
62
0
63
0
65
0
64
0
66
0
67
0
68
0
69
0
70
0
71
0
72
0
73
0
74
0
75
0
76
0
77
0
78
0
79
0
81
0
80
0
82
0
83
0
84
0
85
0
86
0
87
0
88
0
89
0
90
0
91
0
92
0
93
0
94
0
95
0
97
0
96
0
98
0
99
0
100
0
101
0
102
0
103
0
104
0
105
0
106
0
107
0
108
0
109
0
110
0
111
0
113
0
112
0
114
0
115
0
116
0
117
0
118
0
119
0
120
0
121
0
122
0
123
0
124
0
125
0
126
0
127
0
129
0
128
0
130
0
131
0
132
0
133
0
134
0
135
0
136
0
137
0
138
0
139
0
140
0
141
0
142
0
143
0
145
0
144
0
146
0
147
0
148
0
149
0
150
0
151
0
152
0
153
0
154
0
155
0
156
0
157
0
158
0
159
0
161
0
160
0
162
0
163
0
164
0
165
0
166
0
167
0
168
0
169
0
170
0
171
0
172
0
173
0
174
0
175
0
177
0
176
0
178
0
179
0
180
0
181
0
182
0
183
0
184
0
185
0
186
0
187
0
188
0
189
0
190
0
191
0
193
0
192
0
194
0
195
0
196
0
197
0
198
0
199
0
200
0
201
0
202
0
203
0
204
0
205
0
206
0
207
0
209
0
208
0
210
0
211
0
212
0
213
0
214
0
215
0
216
0
217
0
218
0
219
0
220
0
221
0
222
0
223
0
225
0
224
0
226
0
227
0
228
0
229
0
230
0
231
0
232
0
233
0
234
0
235
0
236
0
237
0
238
0
239
0
241
0
240
0
242
0
243
0
244
0
245
0
246
0
247
0
248
0
249
0
250
0
251
0
252
0
253
0
254
0
255
0
