
Truncated CG Trust-Region Solver with Limited-Memory BFGS Hessian Approximation
  iter  value          gnorm          snorm          delta          #fval     #grad     tr_flag   iterCG    flagCG    
  0     1.064613e+02   3.253709e+01                  1.000000e+02   
  1     1.064613e+02   3.253709e+01   3.253709e+01   8.134273e+00   2         1         2         1         0         
  2     3.282632e+01   1.444183e+01   8.134273e+00   8.134273e+00   3         2         0         1         3         
  3     1.476737e+01   3.604280e-01   2.499501e+00   2.033568e+01   4         3         0         2         0         
  4     1.474500e+01   3.558954e-01   6.249682e-02   5.083921e+01   5         4         0         2         0         
  5     1.387423e+01   2.733035e-02   4.884701e+00   1.270980e+02   6         5         0         3         0         
  6     1.387338e+01   5.369097e-03   1.168236e-01   3.177450e+02   7         6         0         3         0         
  7     1.387295e+01   8.699879e-03   1.601356e-01   7.943626e+02   8         7         0         4         0         
  8     1.387280e+01   5.862873e-03   4.656121e-02   1.985906e+03   9         8         0         5         0         
  9     1.387255e+01   2.855660e-03   1.593131e-01   4.964766e+03   10        9         0         5         0         
  10    1.387253e+01   1.601186e-03   1.641553e-02   1.241192e+04   11        10        0         6         0         
  11    1.387250e+01   1.809079e-03   4.671415e-02   3.102979e+04   12        11        0         7         0         
  12    1.387250e+01   7.388560e-04   4.965035e-03   7.757447e+04   13        12        0         8         0         
  13    1.387249e+01   9.075476e-04   5.746760e-03   1.939362e+05   14        13        0         9         0         
  14    1.387249e+01   2.625659e-04   3.402120e-03   4.848405e+05   15        14        0         8         0         
  15    1.387249e+01   4.805286e-04   4.313119e-03   1.212101e+06   16        15        0         8         0         
  16    1.387249e+01   7.227151e-04   2.262050e-03   1.212101e+06   17        16        0         8         0         
  17    1.387249e+01   1.281164e-04   4.925333e-04   3.030253e+06   18        17        0         9         0         
  18    1.387249e+01   9.709904e-05   1.636121e-04   7.575632e+06   19        18        0         9         0         
  19    1.387249e+01   1.243875e-04   5.126936e-04   1.893908e+07   20        19        0         9         0         
  20    1.387249e+01   2.054114e-04   7.594436e-04   4.734770e+07   21        20        0         10        0         
  21    1.387249e+01   1.974364e-04   1.194319e-03   1.183693e+08   22        21        0         10        0         
  22    1.387249e+01   2.165609e-05   1.761256e-03   2.959231e+08   23        22        0         9         0         
  23    1.387249e+01   1.408163e-05   2.252057e-04   7.398078e+08   24        23        0         10        0         
  24    1.387249e+01   3.925543e-05   4.188502e-04   7.398078e+08   25        24        0         10        0         
  25    1.387249e+01   2.078778e-05   1.219307e-04   1.849520e+09   26        25        0         11        0         
  26    1.387249e+01   4.604431e-05   1.725739e-04   4.623799e+09   27        26        0         12        0         
  27    1.387249e+01   3.502195e-05   1.195277e-04   1.155950e+10   28        27        0         11        0         
  28    1.387249e+01   1.071627e-05   7.779989e-05   2.889874e+10   29        28        0         11        0         
  29    1.387249e+01   9.977136e-06   6.225945e-05   7.224686e+10   30        29        0         12        0         
  30    1.387249e+01   9.977136e-06   1.660296e-04   4.150740e-05   31        29        2         10        0         
  31    1.387249e+01   6.382436e-06   4.150740e-05   4.150740e-05   32        30        0         2         3         
  32    1.387249e+01   3.481363e-06   4.150740e-05   1.037685e-04   33        31        0         4         3         
  33    1.387249e+01   1.359538e-06   2.372383e-05   2.594212e-04   34        32        0         10        0         
  34    1.387249e+01   6.780850e-07   1.672351e-05   6.485531e-04   35        33        0         12        0         
  35    1.387249e+01   1.668178e-06   1.612039e-05   1.621383e-03   36        34        0         12        0         
  36    1.387249e+01   1.668178e-06   8.030350e-06   2.007588e-06   37        34        2         12        0         
  37    1.387249e+01   1.668178e-06   2.007588e-06   3.003804e-07   38        34        2         2         3         
  38    1.387249e+01   1.668178e-06   3.003804e-07   5.466681e-08   39        34        2         1         3         
  39    1.387249e+01   1.668178e-06   5.466681e-08   5.971204e-09   40        34        2         1         3         
  40    1.387249e+01   1.668178e-06   5.971204e-09   5.580651e-10   41        34        2         1         3         
  41    1.387249e+01   1.668178e-06   5.580651e-10   3.487907e-11   42        34        2         1         3         
  42    1.387249e+01   1.668178e-06   3.487907e-11   2.179942e-12   43        34        2         1         3         
  43    1.387249e+01   1.668178e-06   2.179942e-12   1.362464e-13   44        34        2         1         3         
  44    1.387249e+01   1.668178e-06   1.362464e-13   8.515398e-15   45        34        2         1         3         
Optimization Terminated with Status: Step Tolerance Met
%%MatrixMarket matrix array real general
200 1
1.73857352676330867e+00
1.75521567471183526e+00
1.77026891252206586e+00
1.78374476906730739e+00
1.79572338256968789e+00
1.80625560852387368e+00
1.81536186873793848e+00
1.82313603706451999e+00
1.82957478521552175e+00
1.83477180576631094e+00
1.83874602975401280e+00
1.84155360766771170e+00
1.84323713767237640e+00
1.84384124934318372e+00
1.84340935684929219e+00
1.84198412611944984e+00
1.83960742707725866e+00
1.83632033816880735e+00
1.83216314766159427e+00
1.82717535574001833e+00
1.82139567714626760e+00
1.81486204435116560e+00
1.80761161122998448e+00
1.79968075721904364e+00
1.79110509192942158e+00
1.78191946019460090e+00
1.77215794752933409e+00
1.76185388597754189e+00
1.75103986032750125e+00
1.73974771467309464e+00
1.72800855930033870e+00
1.71585277787890345e+00
1.70331003493878774e+00
1.69040928361279263e+00
1.67717877362587253e+00
1.66364605951292233e+00
1.64983800904697619e+00
1.63578081186027768e+00
1.62149998824107033e+00
1.60702039808942576e+00
1.59236625001584864e+00
1.57756111056678816e+00
1.56262791356164743e+00
1.54758896952624858e+00
1.53246597520814953e+00
1.51728002315956667e+00
1.50205161137409315e+00
1.48680065296375008e+00
1.47154648586330872e+00
1.45630788254917687e+00
1.44110305976053477e+00
1.42594968821073675e+00
1.41086490227736538e+00
1.39586530965967648e+00
1.38096700099249703e+00
1.36618555940599973e+00
1.35153607002106790e+00
1.33703312937034369e+00
1.32269085473531489e+00
1.30852289339013206e+00
1.29454243174316974e+00
1.28076220436759591e+00
1.26719450291257218e+00
1.25385118488693115e+00
1.24074368230750998e+00
1.22788301020456259e+00
1.21527977497696460e+00
1.20294418259017744e+00
1.19088604661020869e+00
1.17911479606705205e+00
1.16763948314134747e+00
1.15646879066824182e+00
1.14561103945267706e+00
1.13507419539056054e+00
1.12486587639050661e+00
1.11499335909106945e+00
1.10546358536859879e+00
1.09628316863108011e+00
1.08745839989352167e+00
1.07899525363066817e+00
1.07089939340303175e+00
1.06317617725241154e+00
1.05583066286330318e+00
1.04886761248675975e+00
1.04229149762349294e+00
1.03610650346315336e+00
1.03031653307695592e+00
1.02492521136095793e+00
1.01993588872751517e+00
1.01535164454258298e+00
1.01117529030674125e+00
1.00740937257796270e+00
1.00405617563433203e+00
1.00111772387509679e+00
9.98595783958578842e-01
9.96491866675664362e-01
9.94807228557737622e-01
9.93542873218096090e-01
9.92699552426041132e-01
9.92277766913009729e-01
9.92277766910259373e-01
9.92699552417790843e-01
9.93542873204349974e-01
9.94807228538501565e-01
9.96491866650946023e-01
9.98595783928388436e-01
1.00111772383944708e+00
1.00405617559323801e+00
1.00740937253144103e+00
1.01117529025481123e+00
1.01535164448526638e+00
1.01993588866483509e+00
1.02492521129294101e+00
1.03031653300362991e+00
1.03610650338454868e+00
1.04229149753964201e+00
1.04886761239769721e+00
1.05583066276906590e+00
1.06317617715303880e+00
1.07089939329856421e+00
1.07899525352114978e+00
1.08745839977899661e+00
1.09628316851159635e+00
1.10546358524420563e+00
1.11499335896181795e+00
1.12486587625645118e+00
1.13507419525175623e+00
1.14561103930918073e+00
1.15646879052011342e+00
1.16763948298864828e+00
1.17911479590984558e+00
1.19088604644856022e+00
1.20294418242415335e+00
1.21527977480663441e+00
1.22788301002999689e+00
1.24074368212878139e+00
1.25385118470411316e+00
1.26719450272574075e+00
1.28076220417682896e+00
1.29454243154854653e+00
1.30852289319173432e+00
1.32269085453322277e+00
1.33703312916464290e+00
1.35153606981184282e+00
1.36618555919333828e+00
1.38096700077648804e+00
1.39586530944040721e+00
1.41086490205492843e+00
1.42594968798522470e+00
1.44110305953204154e+00
1.45630788231779684e+00
1.47154648562913892e+00
1.48680065272688733e+00
1.50205161113463470e+00
1.51728002291761355e+00
1.53246597496380188e+00
1.54758896927960921e+00
1.56262791331281647e+00
1.57756111031587110e+00
1.59236624976294894e+00
1.60702039783464823e+00
1.62149998798452111e+00
1.63578081160206312e+00
1.64983800878720421e+00
1.66364605925170039e+00
1.67717877336331123e+00
1.69040928334899898e+00
1.70331003467387365e+00
1.71585277761297728e+00
1.72800855903351192e+00
1.73974771440547871e+00
1.75103986005920675e+00
1.76185388570868029e+00
1.77215794726001752e+00
1.78191945992494083e+00
1.79110509165953058e+00
1.79968075694903362e+00
1.80761161095996781e+00
1.81486204408125440e+00
1.82139567687657400e+00
1.82717535547065579e+00
1.83216314739267450e+00
1.83632033790044269e+00
1.83960742680956013e+00
1.84198412585253002e+00
1.84340935658326210e+00
1.84384124907815461e+00
1.84323713740845840e+00
1.84155360740501450e+00
1.83874602949264632e+00
1.83477180550638175e+00
1.82957478495713977e+00
1.82313603680779157e+00
1.81536186848296976e+00
1.80625560827077303e+00
1.79572338231855899e+00
1.78374476881826327e+00
1.77026891227542138e+00
1.75521567447267457e+00
1.73857352665165998e+00
%%MatrixMarket matrix array integer general
% Format: Version 2.0
%
% This file encodes a Tpetra::Map.
% It is stored as a dense vector, with twice as many 
% entries as the global number of GIDs (global indices).
% (GID, PID) pairs are stored contiguously, where the PID 
% is the rank of the process owning that GID.
400 1
0
0
1
0
2
0
3
0
4
0
5
0
6
0
7
0
8
0
9
0
10
0
11
0
12
0
13
0
14
0
15
0
16
0
17
0
18
0
19
0
20
0
21
0
22
0
23
0
24
0
25
0
26
0
27
0
28
0
29
0
30
0
31
0
32
0
33
0
34
0
35
0
36
0
37
0
38
0
39
0
40
0
41
0
42
0
43
0
44
0
45
0
46
0
47
0
48
0
49
0
50
0
51
0
52
0
53
0
54
0
55
0
56
0
57
0
58
0
59
0
60
0
61
0
62
0
63
0
64
0
65
0
66
0
67
0
68
0
69
0
70
0
71
0
72
0
73
0
74
0
75
0
76
0
77
0
78
0
79
0
80
0
81
0
82
0
83
0
84
0
85
0
86
0
87
0
88
0
89
0
90
0
91
0
92
0
93
0
94
0
95
0
96
0
97
0
98
0
99
0
100
0
101
0
102
0
103
0
104
0
105
0
106
0
107
0
108
0
109
0
110
0
111
0
112
0
113
0
114
0
115
0
116
0
117
0
118
0
119
0
120
0
121
0
122
0
123
0
124
0
125
0
126
0
127
0
128
0
129
0
130
0
131
0
132
0
133
0
134
0
135
0
136
0
137
0
138
0
139
0
140
0
141
0
142
0
143
0
144
0
145
0
146
0
147
0
148
0
149
0
150
0
151
0
152
0
153
0
154
0
155
0
156
0
157
0
158
0
159
0
160
0
161
0
162
0
163
0
164
0
165
0
166
0
167
0
168
0
169
0
170
0
171
0
172
0
173
0
174
0
175
0
176
0
177
0
178
0
179
0
180
0
181
0
182
0
183
0
184
0
185
0
186
0
187
0
188
0
189
0
190
0
191
0
192
0
193
0
194
0
195
0
196
0
197
0
198
0
199
0
