
Truncated CG Trust-Region Solver with Limited-Memory BFGS Hessian Approximation
  iter  value          gnorm          snorm          delta          #fval     #grad     tr_flag   iterCG    flagCG    
  0     1.014613e+02   5.823808e+01                  1.000000e+02   
  1     1.014613e+02   5.823808e+01   5.823808e+01   1.455952e+01   2         1         2         1         0         
  2     1.014613e+02   5.823808e+01   1.455952e+01   1.640509e+00   3         1         2         1         3         
  3     5.466163e+01   4.200047e+01   1.640509e+00   1.640509e+00   4         2         0         1         3         
  4     2.321934e+01   2.576673e+01   1.640509e+00   1.640509e+00   5         3         0         1         3         
  5     7.125199e+00   9.546093e+00   1.640509e+00   1.640509e+00   6         4         0         1         3         
  6     4.799122e+00   4.820969e-01   9.668353e-01   1.640509e+00   7         5         0         2         0         
  7     4.778285e+00   4.808523e-01   4.950168e-02   4.101273e+00   8         6         0         2         0         
  8     3.213697e+00   1.976050e+00   4.101273e+00   1.025318e+01   9         7         0         2         3         
  9     9.310681e-01   2.492262e+00   1.025318e+01   1.025318e+01   10        8         0         2         3         
  10    7.482306e-01   8.495547e-01   1.025318e+01   1.025318e+01   11        9         0         2         3         
  11    5.330728e-01   1.837069e-01   2.255860e+00   2.563296e+01   12        10        0         4         0         
  12    4.858558e-01   2.853129e-01   4.211903e+00   2.563296e+01   13        11        0         4         0         
  13    4.522347e-01   5.898963e-02   1.538942e+00   6.408239e+01   14        12        0         4         0         
  14    4.506575e-01   3.845132e-02   2.727184e-01   1.602060e+02   15        13        0         4         0         
  15    4.471299e-01   4.556941e-02   3.498351e-01   4.005150e+02   16        14        0         4         0         
  16    4.351173e-01   1.247197e-01   1.060675e+00   1.001287e+03   17        15        0         4         0         
  17    4.117557e-01   2.396597e-01   2.021594e+00   2.503218e+03   18        16        0         4         0         
  18    3.620373e-01   3.981739e-01   4.579487e+00   6.258046e+03   19        17        0         4         0         
  19    2.801756e-01   6.000349e-01   7.486976e+00   1.564512e+04   20        18        0         4         0         
  20    2.801756e-01   6.000349e-01   1.217454e+01   3.043635e+00   21        18        2         4         0         
  21    1.873752e-01   6.846627e-02   3.043635e+00   7.609088e+00   22        19        0         4         3         
  22    1.873752e-01   6.846627e-02   5.878718e+00   1.383471e+00   23        19        2         5         0         
  23    1.270743e-01   2.794867e-01   1.383471e+00   1.383471e+00   24        20        0         2         3         
  24    1.072478e-01   1.682305e-01   1.383471e+00   1.383471e+00   25        21        0         3         3         
  25    1.038741e-01   1.595283e-01   1.383471e+00   1.383471e+00   26        22        0         5         3         
  26    1.038741e-01   1.595283e-01   1.383471e+00   2.151212e-01   27        22        2         2         3         
  27    1.038741e-01   1.595283e-01   2.151212e-01   3.603678e-02   28        22        2         2         3         
  28    1.038741e-01   1.595283e-01   3.603678e-02   4.003732e-03   29        22        2         1         3         
  29    1.035775e-01   1.199661e-01   4.003732e-03   4.003732e-03   30        23        0         1         3         
  30    1.033719e-01   8.048534e-02   4.003732e-03   4.003732e-03   31        24        0         1         3         
  31    1.032568e-01   4.129256e-02   4.003732e-03   4.003732e-03   32        25        0         1         3         
  32    1.032299e-01   7.418127e-03   4.003732e-03   4.003732e-03   33        26        0         1         3         
  33    1.032025e-01   7.365040e-03   4.003732e-03   1.000933e-02   34        27        0         2         3         
  34    1.031249e-01   1.309696e-02   1.000933e-02   2.502333e-02   35        28        0         2         3         
  35    1.029491e-01   7.698745e-03   2.502333e-02   6.255832e-02   36        29        0         2         3         
  36    1.024953e-01   1.770423e-02   6.255832e-02   1.563958e-01   37        30        0         2         3         
  37    1.014312e-01   1.904312e-02   1.563958e-01   3.909895e-01   38        31        0         3         3         
  38    9.901502e-02   4.061184e-02   3.909895e-01   9.774737e-01   39        32        0         4         3         
  39    9.397227e-02   8.577315e-02   9.774737e-01   2.443684e+00   40        33        0         6         3         
  40    8.842843e-02   1.220860e-01   2.443684e+00   2.443684e+00   41        34        0         6         3         
  41    8.395456e-02   4.686278e-02   8.574673e-01   6.109211e+00   42        35        0         7         0         
  42    6.164546e-02   5.907262e-01   6.109211e+00   6.109211e+00   43        36        0         7         3         
  43    6.164546e-02   5.907262e-01   6.109211e+00   8.352756e-01   44        36        2         7         3         
  44    6.164546e-02   5.907262e-01   8.352756e-01   1.456764e-01   45        36        2         7         3         
  45    5.726807e-02   4.781612e-01   1.456764e-01   1.456764e-01   46        37        0         6         3         
  46    5.024392e-02   5.080928e-02   1.456764e-01   1.456764e-01   47        38        0         3         3         
  47    4.930022e-02   3.470325e-02   1.456764e-01   3.641911e-01   48        39        0         6         3         
  48    4.775057e-02   2.386145e-02   3.641911e-01   3.641911e-01   49        40        0         6         3         
  49    4.644904e-02   4.742559e-02   3.641911e-01   9.104777e-01   50        41        0         5         3         
  50    4.411358e-02   2.757386e-02   9.104777e-01   2.276194e+00   51        42        0         6         3         
  51    4.131045e-02   2.341541e-01   2.276194e+00   2.276194e+00   52        43        0         7         3         
  52    3.964085e-02   2.454302e-01   2.276194e+00   2.276194e+00   53        44        0         7         3         
  53    3.477337e-02   2.768226e-01   2.276194e+00   2.276194e+00   54        45        0         6         3         
  54    3.344393e-02   5.565433e-02   2.276194e+00   2.276194e+00   55        46        0         10        3         
  55    3.145618e-02   1.397315e-01   8.935384e-01   2.276194e+00   56        47        0         11        0         
  56    3.145618e-02   1.397315e-01   3.057844e-01   7.644609e-02   57        47        2         11        0         
  57    3.097777e-02   1.795903e-02   7.644609e-02   7.644609e-02   58        48        0         5         3         
  58    3.073354e-02   2.768789e-02   7.644609e-02   7.644609e-02   59        49        0         6         3         
  59    3.062915e-02   9.919987e-03   7.644609e-02   7.644609e-02   60        50        0         5         3         
  60    3.052801e-02   2.073752e-02   7.644609e-02   1.911152e-01   61        51        0         5         3         
  61    3.045854e-02   6.093060e-02   1.911152e-01   1.911152e-01   62        52        0         8         3         
  62    3.040756e-02   4.814001e-02   1.911152e-01   1.911152e-01   63        53        0         11        3         
  63    3.003797e-02   2.604187e-02   1.911152e-01   4.777881e-01   64        54        0         7         3         
  64    2.934348e-02   4.375542e-02   4.777881e-01   4.777881e-01   65        55        0         8         3         
  65    2.858437e-02   1.950420e-02   4.777881e-01   1.194470e+00   66        56        0         8         3         
  66    2.718258e-02   3.182713e-03   1.194470e+00   2.986175e+00   67        57        0         6         3         
  67    2.494570e-02   4.615923e-02   2.986175e+00   7.465438e+00   68        58        0         8         3         
  68    2.449171e-02   8.453033e-02   2.681635e+00   7.465438e+00   69        59        0         12        0         
  69    2.429657e-02   6.133775e-02   7.199737e-02   1.866360e+01   70        60        0         12        0         
  70    2.386551e-02   8.398093e-03   4.212649e-01   4.665899e+01   71        61        0         12        0         
  71    2.374477e-02   5.679266e-03   3.699106e-01   1.166475e+02   72        62        0         12        0         
  72    2.374477e-02   5.679266e-03   5.120152e+00   1.280038e+00   73        62        2         11        0         
  73    2.344543e-02   4.934657e-03   1.280038e+00   1.280038e+00   74        63        0         8         3         
  74    2.224578e-02   4.558279e-02   1.280038e+00   3.200095e+00   75        64        0         5         3         
  75    1.754808e-02   5.539037e-02   2.292152e+00   8.000238e+00   76        65        0         12        0         
  76    1.754808e-02   5.539037e-02   8.000238e+00   1.432622e+00   77        65        2         10        3         
  77    1.754808e-02   5.539037e-02   1.432622e+00   2.453651e-01   78        65        2         5         3         
  78    1.754808e-02   5.539037e-02   2.453651e-01   4.008704e-02   79        65        2         3         3         
  79    1.738817e-02   3.840064e-02   4.008704e-02   4.008704e-02   80        66        0         2         3         
  80    1.724792e-02   9.667578e-03   4.008704e-02   4.008704e-02   81        67        0         5         3         
  81    1.714283e-02   1.078276e-02   4.008704e-02   1.002176e-01   82        68        0         3         3         
  82    1.696163e-02   1.702084e-02   1.002176e-01   1.002176e-01   83        69        0         2         3         
  83    1.683875e-02   1.726411e-02   1.002176e-01   1.002176e-01   84        70        0         4         3         
  84    1.664794e-02   1.326470e-02   1.002176e-01   2.505440e-01   85        71        0         6         3         
  85    1.624779e-02   3.952670e-03   2.505440e-01   6.263600e-01   86        72        0         7         3         
  86    1.586116e-02   4.090318e-02   6.263600e-01   6.263600e-01   87        73        0         5         3         
  87    1.551963e-02   1.314086e-02   6.263599e-01   6.263600e-01   88        74        0         8         3         
  88    1.545226e-02   1.741834e-02   1.543434e-01   6.263600e-01   89        75        0         12        0         
  89    1.540401e-02   9.653825e-03   9.601243e-02   1.565900e+00   90        76        0         13        0         
  90    1.534337e-02   2.392645e-03   8.400508e-02   3.914750e+00   91        77        0         13        0         
  91    1.526498e-02   1.057762e-02   1.047461e-01   9.786874e+00   92        78        0         12        0         
  92    1.514252e-02   9.255091e-02   1.351718e+00   9.786874e+00   93        79        0         13        0         
  93    1.489789e-02   1.016220e-01   8.803022e-01   9.786874e+00   94        80        0         13        0         
  94    1.489789e-02   1.016220e-01   9.786874e+00   1.759072e+00   95        80        2         11        3         
  95    1.445562e-02   1.013133e-01   1.759072e+00   1.759072e+00   96        81        0         11        3         
  96    1.445562e-02   1.013133e-01   1.759072e+00   2.842533e-01   97        81        2         7         3         
  97    1.445562e-02   1.013133e-01   2.842533e-01   4.831083e-02   98        81        2         3         3         
  98    1.445562e-02   1.013133e-01   4.831083e-02   8.344326e-03   99        81        2         2         3         
  99    1.415625e-02   2.044676e-02   8.344326e-03   8.344326e-03   100       82        0         1         3         
  100   1.410863e-02   7.526828e-03   8.344326e-03   2.086082e-02   101       83        0         3         3         
Optimization Terminated with Status: Iteration Limit Exceeded
%%MatrixMarket matrix array real general
200 1
7.14168472551622280e+00
1.32029261542595737e+01
1.29214386910933978e+01
1.24570851530514108e+01
1.18473096170268430e+01
1.11256670848033767e+01
1.03219851939579463e+01
9.46256336896277261e+00
8.57035867671755192e+00
7.66527654316963414e+00
6.76432507390477955e+00
5.88189713623452892e+00
5.02998736829894710e+00
4.21835920254323682e+00
3.45482908238357078e+00
2.74538890252455614e+00
2.09443958442738687e+00
1.50493626944396452e+00
9.78549766769947094e-01
5.15832743114177261e-01
1.16354081398904574e-01
-2.21196054779170315e-01
-4.98851445307377850e-01
-7.19278661308961120e-01
-8.85651737497442415e-01
-1.00158774089832536e+00
-1.07103231012916145e+00
-1.09816005153627083e+00
-1.08734022261174745e+00
-1.04303672233605838e+00
-9.69725377955294232e-01
-8.71882241590451579e-01
-7.53874739711399067e-01
-6.19943592307043323e-01
-4.74164894379391022e-01
-3.20366998530496605e-01
-1.62160568169864544e-01
-2.86380868117168830e-03
1.54506055017240074e-01
3.07235574612685580e-01
4.52956133597475219e-01
5.89602776987606103e-01
7.15475533338679082e-01
8.29192202373842280e-01
9.29681846811383883e-01
1.01620685305924030e+00
1.08831260844754896e+00
1.14583548970909099e+00
1.18886062656802904e+00
1.21771268055085602e+00
1.23293309155463748e+00
1.23525461734768460e+00
1.22556100911092281e+00
1.20487435878234384e+00
1.17433321838105598e+00
1.13514456998775959e+00
1.08857899298838201e+00
1.03593995119204885e+00
9.78546461667947232e-01
9.17688386076436990e-01
8.54641955874050785e-01
7.90617649858185390e-01
7.26777844938273687e-01
6.64194503153943350e-01
6.03861051372676316e-01
5.46659104140035823e-01
4.93368993310271731e-01
4.44678507121175015e-01
4.01137178078793732e-01
3.63198232885666050e-01
3.31191954994128068e-01
3.05343067943028734e-01
2.85771013976777288e-01
2.72486491048024748e-01
2.65409585496212241e-01
2.64373512536442867e-01
2.69121597538191593e-01
2.79343362324683431e-01
2.94631526568446322e-01
3.14551709283655945e-01
3.38624480768670633e-01
3.66309006121391612e-01
3.97059711006832461e-01
4.30285135337970803e-01
4.65412520703721688e-01
5.01849016108873336e-01
5.38994114129083934e-01
5.76274243391831642e-01
6.13135221705336519e-01
6.49023352190739811e-01
6.83437074273151590e-01
7.15886175900357857e-01
7.45944647859255516e-01
7.73192600638672234e-01
7.97279617589284118e-01
8.17883452562277458e-01
8.34750711414535829e-01
8.47667169676249665e-01
8.56460080212492425e-01
8.61025607610565236e-01
8.61319284112672889e-01
8.57332335265901913e-01
8.49104386344190498e-01
8.36769480613873573e-01
8.20477054730294530e-01
8.00439914396003371e-01
7.76914272503051229e-01
7.50211727986141108e-01
7.20709814753910938e-01
6.88789178816707315e-01
6.54899331168445342e-01
6.19534697361296849e-01
5.83174624405305653e-01
5.46383494320064833e-01
5.09722031005932275e-01
4.73749657723684547e-01
4.39078312594514464e-01
4.06273191155571867e-01
3.75940452077971166e-01
3.48658634462831518e-01
3.24965046736429841e-01
3.05397479205818001e-01
2.90441405958001775e-01
2.80548261945188004e-01
2.76095572447241810e-01
2.77404719190178284e-01
2.84734674217114903e-01
2.98248708920460182e-01
3.18028017861926249e-01
3.44059122352739610e-01
3.76226893574593657e-01
4.14301415379779658e-01
4.57950081643075435e-01
5.06729893409476273e-01
5.60071551048753613e-01
6.17310069936086725e-01
6.77658515843201470e-01
7.40226073351550662e-01
8.04023695645778802e-01
8.67980353924677095e-01
9.30938426249825701e-01
9.91685315801354661e-01
1.04893588534279303e+00
1.10141246191528697e+00
1.14778997695918927e+00
1.18677388921927762e+00
1.21708020223267255e+00
1.23751262292978148e+00
1.24693056728659535e+00
1.24432100033855964e+00
1.22878477644649542e+00
1.19959549039211932e+00
1.15622325123843317e+00
1.09833876917117301e+00
1.02584576761935575e+00
9.38916889030293023e-01
8.38009619071036882e-01
7.23877103925888776e-01
5.97564484504228610e-01
4.60460966637196434e-01
3.14286678224505178e-01
1.61087475136615699e-01
3.23954883666252493e-03
-1.56538186065663026e-01
-3.15229139010535397e-01
-4.69510194813431869e-01
-6.15789118703389149e-01
-7.50210201027867063e-01
-8.68709795441573007e-01
-9.67047918076977209e-01
-1.04084011284026601e+00
-1.08563531712825156e+00
-1.09692994668280108e+00
-1.07027623889187096e+00
-1.00129975206592237e+00
-8.85822842654138354e-01
-7.19891525508020935e-01
-4.99903780793310215e-01
-2.22670043581379040e-01
1.14467834690534467e-01
5.13557714778156038e-01
9.75891842187626257e-01
1.50191288312380111e+00
2.09107412417422989e+00
2.74169621165698985e+00
3.45082861095026328e+00
4.21407177637632291e+00
5.02543275867839334e+00
5.87710118404197601e+00
6.75930197704156210e+00
7.66004378847563761e+00
8.56494382735013815e+00
9.45699241771155208e+00
1.03162855286110773e+01
1.11198571436171232e+01
1.18414044209508305e+01
1.24511274502573084e+01
1.29154407227427228e+01
1.31969153143687716e+01
7.13868045860980072e+00
%%MatrixMarket matrix array integer general
% Format: Version 2.0
%
% This file encodes a Tpetra::Map.
% It is stored as a dense vector, with twice as many 
% entries as the global number of GIDs (global indices).
% (GID, PID) pairs are stored contiguously, where the PID 
% is the rank of the process owning that GID.
400 1
0
0
1
0
2
0
3
0
4
0
5
0
6
0
7
0
8
0
9
0
10
0
11
0
12
0
13
0
14
0
15
0
16
0
17
0
18
0
19
0
20
0
21
0
22
0
23
0
24
0
25
0
26
0
27
0
28
0
29
0
30
0
31
0
32
0
33
0
34
0
35
0
36
0
37
0
38
0
39
0
40
0
41
0
42
0
43
0
44
0
45
0
46
0
47
0
48
0
49
0
50
0
51
0
52
0
53
0
54
0
55
0
56
0
57
0
58
0
59
0
60
0
61
0
62
0
63
0
64
0
65
0
66
0
67
0
68
0
69
0
70
0
71
0
72
0
73
0
74
0
75
0
76
0
77
0
78
0
79
0
80
0
81
0
82
0
83
0
84
0
85
0
86
0
87
0
88
0
89
0
90
0
91
0
92
0
93
0
94
0
95
0
96
0
97
0
98
0
99
0
100
0
101
0
102
0
103
0
104
0
105
0
106
0
107
0
108
0
109
0
110
0
111
0
112
0
113
0
114
0
115
0
116
0
117
0
118
0
119
0
120
0
121
0
122
0
123
0
124
0
125
0
126
0
127
0
128
0
129
0
130
0
131
0
132
0
133
0
134
0
135
0
136
0
137
0
138
0
139
0
140
0
141
0
142
0
143
0
144
0
145
0
146
0
147
0
148
0
149
0
150
0
151
0
152
0
153
0
154
0
155
0
156
0
157
0
158
0
159
0
160
0
161
0
162
0
163
0
164
0
165
0
166
0
167
0
168
0
169
0
170
0
171
0
172
0
173
0
174
0
175
0
176
0
177
0
178
0
179
0
180
0
181
0
182
0
183
0
184
0
185
0
186
0
187
0
188
0
189
0
190
0
191
0
192
0
193
0
194
0
195
0
196
0
197
0
198
0
199
0
