 -9.82059785
 -9.77423466
 -9.72787147
 -9.68134401
 -9.63120053
 -9.58105705
 -9.53091358
 -9.50421760
 -9.50100929
 -9.49780097
 -9.49459266
 -9.48627812
 -9.46095547
 -9.43563281
 -9.41031016
 -9.38498750
 -9.42852484
 -9.50884012
 -9.58915541
 -9.66947069
 -9.74978597
 -9.85977502
 -9.97456917
-10.06529738
-10.02416380
 -9.98303022
 -9.86218197
 -9.72672392
 -9.59126587
 -9.45580782
 -9.32034977
 -9.84274307
 -9.79637988
 -9.75001669
 -9.70159847
 -9.65145500
 -9.60131152
 -9.55116804
 -9.50102456
 -9.49516927
 -9.49196095
 -9.48875264
 -9.46549247
 -9.44016982
 -9.41484716
 -9.38952451
 -9.36420185
 -9.36739730
 -9.44771259
 -9.52802787
 -9.61578055
 -9.73057470
 -9.84536885
 -9.96016300
-10.04089046
 -9.99975688
 -9.95862330
 -9.91748972
 -9.80016853
 -9.66471048
 -9.52925243
 -9.39379438
 -9.86488829
 -9.81852510
 -9.77199642
 -9.72185294
 -9.67170946
 -9.62156598
 -9.57142250
 -9.52127903
 -9.48932925
 -9.48612094
 -9.47002948
 -9.44470682
 -9.41938416
 -9.39406151
 -9.36873885
 -9.34341620
 -9.31809354
 -9.38658505
 -9.48658024
 -9.60137439
 -9.71616854
 -9.83096269
 -9.94575684
-10.01648354
 -9.97534996
 -9.93421638
 -9.89308280
 -9.85194922
 -9.73815510
 -9.60269705
 -9.46723900
 -9.88703351
 -9.84067032
 -9.79225088
 -9.74210740
 -9.69196392
 -9.64182045
 -9.59167697
 -9.54153349
 -9.49139001
 -9.47456648
 -9.44924382
 -9.42392117
 -9.39859851
 -9.37327586
 -9.34835276
 -9.32426453
 -9.30017630
 -9.35737992
 -9.47217407
 -9.58696822
 -9.70176237
 -9.81655652
 -9.93135067
 -9.99207662
 -9.95094304
 -9.90980946
 -9.86867588
 -9.82754230
 -9.78640871
 -9.67614166
 -9.54068361
 -9.90917873
 -9.86264882
 -9.81250534
 -9.76236187
 -9.71221839
 -9.66207491
 -9.61445993
 -9.57192880
 -9.52939768
 -9.46193181
 -9.43784358
 -9.41375535
 -9.38966712
 -9.36557889
 -9.34149066
 -9.31740243
 -9.30084711
 -9.37908174
 -9.45776791
 -9.57256206
 -9.68735621
 -9.80215036
 -9.91694451
 -9.96766970
 -9.92653612
 -9.88540254
 -9.84426896
 -9.80313538
 -9.76200180
 -9.72086821
 -9.61412823
 -9.87260518
 -9.88665849
 -9.84412737
 -9.80159624
 -9.75906512
 -9.71653400
 -9.67400288
 -9.63147176
 -9.57927180
 -9.49361865
 -9.43098147
 -9.40689324
 -9.38280501
 -9.35871678
 -9.33462855
 -9.31054033
 -9.33314406
 -9.41137869
 -9.48961332
 -9.56784795
 -9.67295004
 -9.78774419
 -9.90253834
 -9.94326279
 -9.90212920
 -9.86099562
 -9.81986204
 -9.77872846
 -9.73759488
 -9.69570723
 -9.67081486
 -9.84178360
 -9.93678518
 -9.90367032
 -9.86113920
 -9.81860807
 -9.77607695
 -9.73354583
 -9.69101471
 -9.62051369
 -9.53486054
 -9.44920739
 -9.40003114
 -9.37594291
 -9.35185468
 -9.32776645
 -9.30367822
 -9.36544102
 -9.44367565
 -9.52191028
 -9.60014491
 -9.67837954
 -9.77333803
 -9.88813218
 -9.91885587
 -9.87772228
 -9.83658870
 -9.79545512
 -9.73772340
 -9.67442765
 -9.61113189
 -9.65898611
 -9.81536422
 -9.91036580
 -9.96321327
 -9.92068215
 -9.87815103
 -9.83561990
 -9.79308878
 -9.74740873
 -9.66175558
 -9.57610243
 -9.49044928
 -9.40479613
 -9.36908081
 -9.34499258
 -9.32090435
 -9.31950334
 -9.39773797
 -9.47597260
 -9.55420723
 -9.63244186
 -9.71067649
 -9.78891112
 -9.87372601
 -9.89444895
 -9.84303534
 -9.77973958
 -9.71644382
 -9.65314806
 -9.58985230
 -9.52655654
 -9.64715736
 -9.78894484
 -9.88394642
 -9.97894800
 -9.98022510
 -9.93769398
 -9.89516286
 -9.85263173
 -9.78865062
 -9.70299747
 -9.61734432
 -9.53169117
 -9.44603802
 -9.36221870
 -9.33813047
 -9.31404224
 -9.35180029
 -9.43003492
 -9.50826955
 -9.58650418
 -9.66473881
 -9.74297344
 -9.82343315
 -9.90598575
 -9.82175575
 -9.75845999
 -9.69516424
 -9.63186848
 -9.56857272
 -9.50527696
 -9.44198120
 -9.63532861
 -9.76252546
 -9.85752704
 -9.95252862
-10.03976805
 -9.99723693
 -9.95470581
 -9.91217469
 -9.82989251
 -9.74423936
 -9.65858621
 -9.57293306
 -9.48727991
 -9.40162676
 -9.33126837
 -9.30718014
 -9.38409725
 -9.46233188
 -9.54056651
 -9.62234395
 -9.70489655
 -9.78744916
 -9.87000176
 -9.90219539
 -9.78389127
 -9.67388465
 -9.61058889
 -9.54729313
 -9.48399738
 -9.42070162
 -9.38240617
 -9.62349986
 -9.73610609
 -9.83110767
 -9.92610924
-10.02111082
-10.05677988
-10.01424876
 -9.95678756
 -9.87113440
 -9.78548125
 -9.69982810
 -9.61417495
 -9.52852180
 -9.44286865
 -9.35721550
 -9.33870216
 -9.42125476
 -9.50380736
 -9.58635996
 -9.66891256
 -9.75146516
 -9.83401776
 -9.91657036
 -9.86947123
 -9.75116710
 -9.63286298
 -9.52601355
 -9.46271779
 -9.39942203
 -9.33612627
 -9.37057742
 -9.61167111
 -9.70968671
 -9.80468829
 -9.89968987
 -9.99469144
-10.08969302
-10.07379171
 -9.99802945
 -9.91237630
 -9.82672315
 -9.74106999
 -9.66924964
 -9.60545283
 -9.54165601
 -9.47785920
 -9.43604129
 -9.46782337
 -9.55037597
 -9.63292857
 -9.71548117
 -9.79803377
 -9.88058637
 -9.95505119
 -9.83674706
 -9.71844294
 -9.60013882
 -9.48183470
 -9.37814245
 -9.31484669
 -9.25155093
 -9.35874867
 -9.59984236
 -9.68326733
 -9.77826891
 -9.87327049
 -9.96827207
-10.06327364
-10.13038244
-10.06658563
-10.00278881
 -9.93899200
 -9.87519518
 -9.81139837
 -9.74760156
 -9.68380474
 -9.62133045
 -9.58856679
 -9.55580314
 -9.59694458
 -9.67949718
 -9.76204978
 -9.84460238
 -9.92715498
 -9.92232702
 -9.80402290
 -9.68571878
 -9.56741466
 -9.44911054
 -9.33080642
 -9.23027135
 -9.16697559
 -9.34691992
 -9.58801362
 -9.68684087
 -9.78793029
 -9.88901971
 -9.99010913
-10.09119855
-10.17717277
-10.20873436
-10.14493754
-10.08114073
-10.01734391
 -9.95354710
 -9.88975028
 -9.82595347
 -9.77385595
 -9.74109230
 -9.70832864
 -9.67556499
 -9.72606579
 -9.80861839
 -9.89117099
 -9.97372359
 -9.88960286
 -9.77129874
 -9.65299462
 -9.53469050
 -9.41638638
 -9.29808225
 -9.17977813
 -9.09399748
 -9.33206705
 -9.52947526
 -9.71893670
 -9.82002612
 -9.92111554
-10.02220496
-10.12329438
-10.19923367
-10.27420448
-10.28708627
-10.22328945
-10.15949264
-10.09569582
-10.03189901
 -9.96810219
 -9.92638146
 -9.89361780
 -9.86085415
 -9.82809049
 -9.79532684
 -9.85518699
 -9.93773960
 -9.97518282
 -9.85687870
 -9.73857458
 -9.62027046
 -9.50196634
 -9.38366221
 -9.27741451
 -9.18476366
 -9.11307425
 -9.16370018
 -9.36110838
 -9.75103253
 -9.85212195
 -9.95321137
-10.05430079
-10.14632377
-10.22129458
-10.29626539
-10.37123620
-10.36543818
-10.30164137
-10.23784455
-10.17404774
-10.11167062
-10.07890696
-10.04614331
-10.01337965
 -9.98061600
 -9.94785234
 -9.91508868
 -9.98430820
 -9.94245866
 -9.82415454
 -9.70585042
 -9.60797325
 -9.51532239
 -9.42267154
 -9.33002069
 -9.23736983
 -9.18550591
 -9.15694772
 -9.19274151
 -9.78312836
 -9.88421778
 -9.98530720
-10.08639662
-10.16838467
-10.24335548
-10.31832629
-10.39329710
-10.46826791
-10.44379009
-10.37999328
-10.31619646
-10.26419612
-10.23143247
-10.19866881
-10.16590516
-10.13314150
-10.10037784
-10.06761419
-10.02755084
 -9.93853198
 -9.84588113
 -9.75323028
 -9.66057942
 -9.56792857
 -9.47527772
 -9.38262686
 -9.28997601
 -9.25793757
 -9.22937938
 -9.20082118
 -9.81522419
 -9.91631361
-10.01740303
-10.11547476
-10.19044557
-10.26541638
-10.34038719
-10.41535800
-10.49032881
-10.56529962
-10.52214200
-10.45834519
-10.41672163
-10.38395797
-10.35119432
-10.31843066
-10.28138736
-10.17447082
-10.06755427
 -9.98303568
 -9.97413982
 -9.89848731
 -9.80583645
 -9.71318560
 -9.62053475
 -9.52788389
 -9.43523304
 -9.35892743
 -9.33036924
 -9.30181104
 -9.27325284
 -9.83742378
 -9.94840944
-10.04949886
-10.13753566
-10.21250647
-10.28747728
-10.36244809
-10.43741890
-10.51238971
-10.58736052
-10.66233133
-10.60201079
-10.56924713
-10.53597820
-10.42906165
-10.32214511
-10.21522857
-10.10831203
-10.00139549
 -9.93852052
 -9.92962466
 -9.92072881
 -9.85844263
 -9.76579178
 -9.67314092
 -9.58049007
 -9.48783922
 -9.43135909
 -9.40280090
 -9.37424270
 -9.34568450
 -9.80747764
 -9.96946855
-10.08159468
-10.15959657
-10.23456738
-10.30953819
-10.38450899
-10.45947980
-10.53445061
-10.61241956
-10.69345553
-10.68365249
-10.57673595
-10.46981941
-10.36290287
-10.25598633
-10.14906979
-10.04215325
 -9.93523671
 -9.89400536
 -9.88510950
 -9.87621365
 -9.86731780
 -9.81839795
 -9.72574710
 -9.63309625
 -9.54044539
 -9.50379075
 -9.47523256
 -9.44667436
 -9.41811616
 -9.78005543
 -9.94551960
-10.11811420
-10.20875476
-10.28979073
-10.37082671
-10.45186268
-10.53289866
-10.61393463
-10.69497061
-10.77600658
-10.65211012
-10.51057717
-10.40366063
-10.29674409
-10.18982755
-10.08291101
 -9.97599447
 -9.86907793
 -9.84949020
 -9.84059434
 -9.83169849
 -9.82280264
 -9.81390678
 -9.77835328
 -9.68570242
 -9.60478061
 -9.57622242
 -9.54766422
 -9.51910602
 -9.49054782
 -9.77703579
 -9.94249996
-10.12689651
-10.29130581
-10.37234178
-10.45337776
-10.53441373
-10.61544970
-10.69648568
-10.77752165
-10.77844370
-10.62594182
-10.47343994
-10.33750185
-10.23058531
-10.12366877
-10.01675223
 -9.90983569
 -9.81387089
 -9.80497504
 -9.79607918
 -9.78718333
 -9.77828748
 -9.76939162
 -9.76049577
 -9.73830860
 -9.67721227
 -9.64859157
 -9.60245736
 -9.55632314
 -9.51018892
 -9.77401615
 -9.94740427
-10.13567883
-10.32395338
-10.45489283
-10.53592880
-10.61696478
-10.69800075
-10.77903673
-10.86007270
-10.75227541
-10.59977353
-10.44727165
-10.29476976
-10.16442652
-10.05750998
 -9.95059344
 -9.84367690
 -9.76935573
 -9.76045988
 -9.75156402
 -9.74266817
 -9.73377232
 -9.72487646
 -9.71598061
 -9.72094050
 -9.70403989
 -9.65790567
 -9.61177145
 -9.56563724
 -9.51950302
 -9.77099651
 -9.95618658
-10.14446114
-10.33273570
-10.52101025
-10.61847985
-10.69951583
-10.78055180
-10.86158777
-10.87860900
-10.72610711
-10.57360523
-10.42110335
-10.26860147
-10.11609959
 -9.99135120
 -9.88443466
 -9.77751812
 -9.72484057
 -9.71594472
 -9.70704886
 -9.69815301
 -9.68925716
 -9.69366346
 -9.70428647
 -9.71490948
 -9.69430681
 -9.66627424
 -9.62108555
 -9.57495134
 -9.52881712
 -9.77669433
 -9.96496889
-10.15324345
-10.34151801
-10.52979257
-10.70103090
-10.78206687
-10.86310285
-10.94413882
-10.85244070
-10.69993882
-10.54743694
-10.39493506
-10.24243317
-10.08993129
 -9.93742941
 -9.81827588
 -9.71135934
 -9.68032541
 -9.67142956
 -9.66253370
 -9.66638642
 -9.67700943
 -9.68763244
 -9.69825544
 -9.70887845
 -9.68389762
 -9.65586505
 -9.62783248
 -9.58426544
 -9.53813122
 -9.78547665
 -9.97375120
-10.16202576
-10.35030032
-10.53857488
-10.72684944
-10.86461792
-10.94565390
-10.97877429
-10.82627240
-10.67377052
-10.52126864
-10.36876676
-10.21626488
-10.06376300
 -9.91126112
 -9.75875924
 -9.64520056
 -9.63581025
 -9.63910938
 -9.64973239
 -9.66035539
 -9.67097840
 -9.68160141
 -9.69222442
 -9.70152099
 -9.67348843
 -9.64545586
 -9.61742329
 -9.58939072
 -9.54744532
 -9.79425896
 -9.98253352
-10.17080807
-10.35908263
-10.54735719
-10.73563175
-10.92390631
-11.02820494
-10.95260599
-10.80010411
-10.64760223
-10.49510035
-10.34259847
-10.19009658
-10.03759470
 -9.88509282
 -9.74129771
 -9.60937212
 -9.62245534
 -9.63307835
 -9.64370136
 -9.65432437
 -9.66494738
 -9.67557038
 -9.68619339
 -9.69111180
 -9.66307923
 -9.63504667
 -9.60701410
 -9.57898153
 -9.55094896
 -9.80304127
 -9.99131583
-10.17959039
-10.36786495
-10.55613950
-10.74441406
-10.93268862
-11.08259641
-10.93881383
-10.79503126
-10.65124868
-10.50746611
-10.36368353
-10.21990096
-10.07611838
 -9.93233580
 -9.78855323
 -9.62276437
 -9.60442495
 -9.62282649
 -9.63767033
 -9.64829334
 -9.65891635
 -9.66953936
 -9.68016237
 -9.68070261
 -9.65267004
 -9.62463747
 -9.59660491
 -9.56857234
 -9.54053977
 -9.81182358
-10.00185616
-10.19245479
-10.38305343
-10.57365206
-10.76425070
-10.95484933
-11.03897079
-10.98606935
-10.84228677
-10.69850420
-10.55472162
-10.41093905
-10.26715647
-10.12337389
 -9.97959132
 -9.82182671
 -9.65510463
 -9.58107623
 -9.59947777
 -9.61787932
 -9.63628086
 -9.65288532
 -9.66350833
 -9.67413134
 -9.67029342
 -9.64226085
 -9.61422828
 -9.58619571
 -9.55816315
 -9.52880443
 -9.83493406
-10.02553270
-10.21613133
-10.40672997
-10.59732860
-10.78792724
-10.95646386
-10.97922414
-11.00198442
-10.88954229
-10.74575971
-10.60197714
-10.45819456
-10.31441198
-10.17062941
-10.02088904
 -9.85416696
 -9.68744488
 -9.55772752
 -9.57612906
 -9.59453060
 -9.61293214
 -9.63133369
 -9.64973523
 -9.66810031
 -9.65988423
 -9.63014285
 -9.59925419
 -9.56836553
 -9.53747687
 -9.50658821
 -9.85861060
-10.04920923
-10.23980787
-10.43040650
-10.62100514
-10.81160377
-10.89671721
-10.91947749
-10.94223777
-10.93679780
-10.79301523
-10.64923265
-10.50545007
-10.36166750
-10.21788492
-10.05322929
 -9.88650721
 -9.71978513
 -9.55306305
 -9.55278034
 -9.57118188
 -9.58958343
 -9.60798497
 -9.62638651
 -9.64150673
 -9.63831534
 -9.60792663
 -9.57703797
 -9.54614931
 -9.51526065
 -9.48437199
