 18.52521096
 20.04858302
 21.78316102
 23.75660492
 25.99885798
 28.54169203
 31.41793489
 34.66030598
 38.29980457
 42.36363573
 46.87272507
 51.83896247
 57.26241683
 63.12885700
 69.40797082
 76.05266693
 82.99975320
 90.17211378
 97.48228046
104.83706139
112.14270779
119.31001401
126.25877778
132.92118294
139.24386747
145.18865222
150.73208572
155.86407725
160.58593855
164.90814201
168.84805215
 20.40679763
 21.95810738
 23.72253176
 25.72729776
 28.00165192
 30.57635225
 33.48285395
 36.75212656
 40.41306038
 44.49045937
 49.00267997
 53.95905652
 59.35734448
 65.18149353
 71.40010892
 77.96594669
 84.81670035
 91.87717640
 99.06274802
106.28376414
113.45042692
120.47757585
127.28884901
133.81982013
140.01989641
145.85295997
151.29690163
156.34230414
160.99057517
165.25181880
169.14268540
 22.48007252
 24.06019145
 25.85580875
 27.89380776
 30.20282735
 32.81269349
 35.75355436
 39.05466861
 42.74281855
 46.84035944
 51.36297433
 56.31727743
 61.69848861
 67.48846873
 73.65444081
 80.14870175
 86.90954345
 93.86345221
100.92846554
108.01837484
115.04731779
121.93424136
128.60675161
135.00398748
141.07832919
146.79593364
152.13624143
157.09069821
161.66097137
165.85693097
169.69461740
 24.75281183
 26.36218219
 28.18994138
 30.26273765
 32.60871407
 35.25687263
 38.23614904
 41.57416026
 45.29561139
 49.42038832
 53.96141756
 58.92244125
 64.29592288
 70.06135329
 76.18424815
 82.61610028
 89.29546349
 96.15020472
103.10078905
110.06429392
116.95872461
123.70715445
130.24125265
136.50387820
142.45057889
148.05000078
153.28335072
158.14314172
162.63148352
166.75816725
170.53874877
 27.22821632
 28.86671824
 30.72702670
 32.83568267
 35.22046870
 37.90969828
 40.93122008
 44.31111182
 48.07206596
 52.23151031
 56.79955910
 61.77694999
 67.15317813
 72.90507878
 78.99611655
 85.37660222
 91.98496932
 98.75011092
105.59462217
112.43864842
119.20393661
125.81765471
132.21558979
138.34444666
144.16311795
149.64294674
154.76712522
159.52944804
163.93266488
167.98666117
171.70665331
 29.90319507
 31.57000643
 33.46257516
 35.60748090
 38.03230372
 40.76483140
 43.83198260
 47.25843323
 51.06496456
 55.26659416
 59.87060172
 64.87461512
 70.26496698
 76.01555669
 82.08744496
 88.42935841
 94.97918976
101.66645343
108.41551855
115.14931791
121.79315254
128.27819668
134.54436156
140.54228561
146.23435678
151.59480730
156.60902801
161.27231201
165.58825545
169.56702476
173.22365822
 32.76652452
 34.45998416
 36.38367300
 38.56437129
 41.02963524
 43.80691531
 46.92238773
 50.39949911
 54.25725941
 58.50836379
 63.15727411
 68.19843828
 73.61485967
 79.37723842
 85.44388195
 91.76151904
 98.26705406
104.89017709
111.55662302
118.19177207
124.72422944
131.08902639
137.23014914
143.10221037
148.67120673
153.91442529
158.81965272
163.38389042
167.61178823
171.51398701
175.10551931
 35.79705021
 37.51453881
 39.46721728
 41.68224064
 44.18733669
 47.00982894
 50.17536630
 53.70637153
 57.62026108
 61.92753723
 66.62990415
 71.71860183
 77.17317562
 82.96089298
 89.03697722
 95.34574996
101.82266844
108.39712569
114.99577294
121.54604541
127.97954284
134.23494185
140.26019355
146.01386981
151.46564163
156.59597841
161.39523174
165.86230292
170.00309323
173.82890927
177.35495396
 38.96217017
 40.70002667
 42.67846968
 44.92521043
 47.46835508
 50.33532686
 53.55148451
 57.13846091
 61.11229178
 65.48145703
 70.24500898
 75.39100017
 80.89543705
 86.72196455
 92.82242635
 99.13835081
105.60329731
112.14588030
118.69319222
125.17428998
131.52340533
137.68258783
143.60357944
149.24883348
154.59170314
159.61591760
164.31452172
168.68847740
172.74511388
176.49658231
179.95842698
 42.21689716
 43.97039035
 45.97023071
 48.24486813
 50.82299817
 53.73237918
 56.99833133
 60.64195290
 64.67814083
 69.11356072
 73.94476446
 79.15668973
 84.72177939
 90.59992271
 96.73934067
103.07842571
109.54841844
116.07668598
122.59028056
129.01942229
135.30057038
141.37881965
147.20946519
152.75869668
158.00349139
162.93085470
167.53660001
171.82386691
175.80155550
179.48281642
182.88369140
 45.50382052
 47.26719442
 49.28295308
 51.58046146
 54.18921168
 57.13753219
 60.45096096
 64.15032870
 68.24965623
 72.75403390
 77.65770673
 82.94262301
 88.57769927
 94.51900336
100.71095885
107.08854284
113.58030862
120.11194309
126.60999268
133.00537605
139.23634793
145.25067491
151.00690769
156.47475896
161.63470052
166.47696091
171.00013356
175.20959762
179.11592170
182.73337591
186.07863047
 48.75425385
 50.52086079
 52.54607109
 54.86032790
 57.49411438
 60.47655357
 63.83365134
 67.58623828
 71.74773149
 76.32190668
 81.30093092
 86.66393856
 92.37642068
 98.39063260
104.64710640
111.07720502
117.60649890
124.15862051
130.65918334
137.03935469
143.23874285
149.20737991
154.90672288
160.30972893
165.40016216
170.17134696
174.62459728
178.76752951
182.61242354
186.17474446
189.47188791
 51.89074672
 53.65327351
 55.68070653
 58.00471007
 60.65693160
 63.66749265
 67.06309932
 70.86483760
 75.08579034
 79.72868906
 84.78387717
 90.22789353
 96.02296546
102.11762126
108.44849557
114.94323112
121.52420964
128.11271327
134.63305482
141.01623569
147.20278474
153.14457605
158.80558376
164.16167346
169.19963040
173.91567336
178.31370356
182.40350355
186.19904633
189.71701633
192.97559077
 54.83095729
 56.58173782
 58.60372286
 60.92991479
 63.59327003
 66.62508265
 70.05296271
 73.89848284
 78.17464526
 82.88340417
 88.01354658
 93.53926662
 99.41974271
105.59993447
112.01266187
118.58183984
125.22655551
131.86553699
138.42150509
144.82493451
151.01686884
156.95060078
162.59220741
167.92008123
172.92369754
177.60189970
181.96097229
186.01272465
189.77274268
193.25890068
196.49016938
 57.49265013
 59.22404443
 61.23286382
 63.55353568
 66.22043564
 69.26616719
 72.71941034
 76.60242054
 80.92834465
 85.69860946
 90.90071184
 96.50677086
102.47317190
108.74152733
115.24100772
121.89188881
128.60995927
135.31128865
141.91680145
148.35615260
154.57053799
160.51426261
166.15508433
171.47351135
176.46133171
181.11968681
185.45697886
189.48684289
193.22633940
196.69445161
199.91091189
 59.79934596
 61.50415314
 63.49247683
 65.80022408
 68.46326238
 71.51559956
 74.98710735
 78.90087680
 83.27038592
 88.09675485
 93.36644167
 99.04976390
105.10059530
111.45747091
118.04614658
124.78343362
131.58191442
138.35499294
145.02168357
151.51060423
157.76279635
163.73320346
169.39085139
174.71794131
179.70816821
184.36460448
188.69745688
192.72193510
196.45638741
199.92078019
203.13553655
 61.68596571
 63.35782989
 65.31914555
 67.60732197
 70.25975277
 73.31190137
 76.79490551
 80.73279610
 85.13952292
 90.01608119
 95.34811419
101.10440031
107.23659184
113.68044656
120.35859171
127.18461838
134.06807712
140.91978739
147.65682613
154.20663455
160.50985586
166.52174341
172.21220373
177.56471550
182.57446631
187.24607175
191.59120085
195.62635336
199.37094347
202.84576131
206.07181887
 63.10373605
 64.73750219
 66.66649425
 68.92961613
 71.56578535
 74.61192961
 78.10047978
 82.05646104
 86.49438608
 91.41526148
 96.80410284
102.62838749
108.83782843
115.36571717
122.13186872
129.04694655
136.01770670
142.95253757
149.76662705
156.38617309
162.75124217
168.81712199
174.55425203
179.94699791
184.99163701
189.69394033
194.06668819
198.12737082
201.89622788
205.39469356
208.64424680
 64.02369076
 65.61567240
 67.50850867
 69.74256390
 72.35824457
 75.39391268
 78.88327556
 82.85235940
 87.31628177
 92.27614919
 97.71649367
103.60369517
109.88578724
116.49389861
123.34535746
130.34821769
137.40671873
144.42702390
151.32254082
158.01822137
164.45343923
170.58329853
176.37847337
181.82386569
186.91646950
191.66284343
196.07653930
200.17574218
203.98127517
207.51503110
210.79882557
 64.43830658
 65.98643923
 67.84093655
 70.04356709
 72.63616389
 75.65846054
 79.14538608
 83.12393222
 87.60981805
 92.60429214
 98.09150216
104.03689387
110.38704814
117.07121155
124.00454056
131.09280137
138.23801270
145.34435007
152.32359240
159.09949365
165.61067466
171.81189532
177.67382150
183.18159164
188.33258765
193.13382466
197.59931498
201.74766398
205.60005006
209.17864727
212.50548040
 64.36111043
 65.86498019
 67.68063775
 69.85118257
 72.41979062
 75.42747845
 78.91031165
 82.89617704
 87.40135307
 92.42723095
 97.95763014
103.95718297
110.37120486
117.12730711
124.13876415
131.30936159
138.53919128
145.73068981
152.79418370
159.65231425
166.24293624
172.52035835
178.45505246
184.03215090
189.24914896
194.11323627
198.63861672
202.84407592
206.75094612
210.38152424
213.75792927
 63.82441714
 65.28517065
 67.06307763
 69.20248294
 71.74780670
 74.74124129
 78.21988147
 82.21241246
 86.73559950
 91.79094245
 97.36195070
103.41252332
109.88685621
116.71113233
123.79699811
131.04653750
138.35819133
145.63290084
152.77972558
159.72030275
166.39174442
172.74784858
178.75876236
184.40942824
189.69723954
194.62933434
199.21988984
203.48767511
207.45401003
211.14118314
214.57131182
 62.87562734
 64.29578349
 66.03842292
 68.14904276
 70.67319902
 73.65414137
 77.12987218
 81.12976091
 85.67096555
 90.75503454
 96.36515443
102.46453554
108.99636081
115.88555049
123.04233645
130.36734339
137.75760830
145.11280316
152.34090216
159.36265841
166.11449108
172.54966754
178.63792941
184.36390208
189.72472057
194.72730343
199.38563657
203.71832303
207.74654365
211.49247853
214.97817073
 61.57267896
 62.95587180
 64.66685256
 66.75217356
 69.25841414
 72.22975736
 75.70498480
 79.71402678
 84.27432726
 89.38740592
 95.03609079
101.18291924
107.77013329
114.72151718
121.94606083
129.34313243
136.80857787
144.24100076
151.54745883
158.64794308
165.47824670
171.99111786
178.15585471
183.95668930
189.39039709
194.46356441
199.18987365
203.58765924
207.67787605
211.48252760
215.02353397
 59.97928077
 61.32996670
 63.01371890
 65.07804690
 67.57044053
 70.53589211
 74.01383340
 78.03462995
 82.61589993
 87.75904782
 93.44649285
 99.64009406
106.28119674
113.29254211
120.58201288
128.04788489
135.58499002
143.09103563
150.47231394
157.64817095
164.55385024
171.14161534
177.38031778
183.25376326
188.75831462
193.90016267
198.69262148
203.15369719
207.30406855
211.16552415
214.75983509
 58.16047669
 59.48363698
 61.14510369
 63.19324718
 65.67635757
 68.64011615
 72.12447983
 76.16012718
 80.76474032
 85.93951988
 91.66641883
 97.90659889
104.60053226
111.66998287
119.02182871
126.55338265
134.15860593
141.73445310
149.18658152
156.43380028
163.41088313
170.06965930
176.37855704
182.32095741
187.89279719
193.09984973
197.95503610
202.47601114
206.68315891
210.59804044
214.24227136
 56.17893438
 57.47979825
 59.12415028
 61.16112850
 63.63971816
 66.60617569
 70.10086562
 74.15466485
 78.78521537
 83.99342882
 89.76073333
 96.04756746
102.79354032
109.91948404
117.33134852
124.92558383
132.59539441
140.23709899
147.75583056
155.06995814
162.11386461
168.83900467
175.21342549
181.22011114
186.85458946
192.12222684
197.03555848
201.61189404
205.87132963
209.83520658
213.52499410
 54.09216926
 55.37597491
 57.00836661
 59.03916129
 61.51794068
 64.49143082
 68.00029594
 72.07550683
 76.73457077
 81.97803260
 87.78674074
 94.12038327
100.91770872
108.09864908
115.56828353
123.22227644
130.95316482
138.65672567
146.23765972
153.61398093
160.71975641
167.50613064
173.94082387
180.00646880
185.69822331
191.02108087
195.98722130
200.61363684
204.92016094
208.92793811
212.65831154
 51.95074686
 53.22254989
 54.84792540
 56.87728575
 59.36071772
 62.34532073
 65.87196174
 69.97161254
 74.66156259
 79.94192200
 85.79291148
 92.17344387
 99.02140694
106.25585600
113.78104347
121.49190785
129.28038898
137.04179752
144.68047796
152.11416289
159.27667319
166.11890809
172.60832144
178.72725118
184.47053826
189.84285293
194.85606571
199.52689359
203.87494502
207.92120054
211.68690490
 49.79737905
 51.06191074
 52.68486286
 54.71716539
 57.20932656
 60.20873257
 63.75636730
 67.88312292
 72.60600016
 77.92461757
 83.81852892
 90.24585231
 97.14361542
104.43001636
112.00851632
119.77337558
127.61599283
135.43127299
143.12326714
150.60948975
157.82357868
164.71625070
171.25475581
177.42119905
183.21016515
188.62605959
193.68049871
198.38997464
202.77391562
206.85317645
210.64893482
 47.66675292
 48.92832552
 50.55300371
 52.59216319
 55.09665783
 58.11408362
 61.68546664
 65.84155077
 70.59898931
 75.95686376
 81.89403131
 88.36780256
 95.31434889
102.65102987
110.28054617
118.09651960
125.98985338
133.85509630
141.59605804
149.13008924
156.39070116
163.32848706
169.91055425
176.11883775
181.94772929
187.40143151
192.49136530
197.23385176
201.64818638
205.75513833
209.57585052
