-21.59840285
 87.44814502
180.45577792
143.26340478
 63.23617854
-19.30299997
-35.64185626
-37.93248929
-35.46604086
-63.22024544
-72.45959814
-39.74575498
 12.87990877
 40.99366199
 40.94800515
 29.54623585
120.02711269
 90.10065903
 24.30741526
-62.46295482
-43.90605525
-51.95437156
-23.94593941
-14.91952355
-34.55247096
-75.86083711
-53.21575256
-24.48910284
 18.47222064
 31.54217055
106.26319389
173.86657641
136.80513858
 57.09132668
 -6.81249862
 26.50562793
-24.97376009
-33.11383717
-61.61635471
-47.62083489
-74.30366431
-45.87525639
-27.60318814
 23.15284738
 46.60295450
182.98015194
222.10966661
160.75137082
 89.77296571
 44.26976448
 56.12911571
-30.74313816
-46.44421454
-49.62198413
-38.90931396
-70.37319342
-69.09903547
-62.30744486
-13.82094980
 32.52945907
259.69710999
275.97837129
273.67989579
219.76643600
187.47927851
148.63922445
 25.95614020
-31.58805332
-64.30609046
-64.60472901
-49.03205315
-43.08291210
-33.10752196
 -3.89395064
 35.24963248
335.28395450
332.44662474
309.16023941
242.06799731
204.50676896
159.17670169
 66.82030843
 30.65691245
 19.38635719
-12.70599946
-13.03075107
-23.08697458
-24.08199039
-10.53680956
 16.06489695
409.59164634
398.76283561
344.58900591
248.62294434
206.54463778
188.13991379
 88.82265832
 28.04330425
  0.82586046
-26.90889761
-15.06571381
-17.33329150
 -8.29872838
 -7.39120893
 -6.26340187
482.62018549
510.08894793
489.18749644
355.09255924
265.28874350
180.61326878
107.94655737
 34.87987754
 15.55937655
-20.60727940
-13.42906407
-16.05409731
 -1.48451562
  1.29154412
  3.36654648
555.49968551
628.32956330
577.55570966
414.38990568
254.16432411
191.78780423
136.09119842
 68.72274475
 32.08390939
-12.30349303
-10.06312629
-13.17864449
  1.11935962
 13.54829100
 26.35815875
628.37918552
778.98462799
754.92476645
605.18148833
367.73793655
273.63285456
204.96184621
142.72514722
 97.67590502
 43.01021188
 17.57961352
  2.01417096
  6.64386109
 21.56135145
 40.75306344
701.25868553
876.11397909
817.96973136
708.74754438
450.29553603
405.60893160
285.30333394
216.16159884
138.43890233
 77.93997948
 22.97778631
 -3.42336371
 -6.88227039
 13.39760739
 32.93154079
722.95798199
946.93786219
953.40558139
916.35546454
616.56695558
485.72735896
310.25378718
198.73535013
101.72813756
 37.64998927
-15.40841062
-33.19961788
-35.84540033
 -3.84841582
 26.93340026
849.98482180
1057.75725139
1050.12891640
943.88530204
657.83553639
526.06800515
330.90104208
176.30706212
 49.96642433
-22.22252900
-57.46642940
-51.24265513
-29.33076341
 24.91316695
 70.55461064
775.80687982
956.49352048
1004.38093065
925.73640126
735.83889290
574.80014551
368.15801332
157.74112145
 14.05229552
-44.13935400
-50.36473251
-15.50815074
 32.68720064
100.39419075
164.23162415
728.51597473
850.76070971
882.86092000
806.66991286
744.82938847
643.64664814
424.32726044
178.79723027
 22.68770653
-28.69659551
-20.82652753
 28.17850662
100.27196571
170.75128985
240.16188202
