 -0.00636010
 -0.54401478
 -1.08894458
 -1.21445267
 -0.61915936
  0.06680261
  0.36129149
  0.45735509
  0.45827309
  0.41848461
  0.36660231
  0.30957282
  0.26155645
  0.23475991
  0.22486262
 -0.00461813
 -0.30304857
 -0.13934900
  0.18514055
  0.68818305
  0.72062772
  0.58604563
  0.54820520
  0.50463554
  0.44913227
  0.39073385
  0.32476300
  0.27162184
  0.23505629
  0.22026022
 -0.00200516
 -0.03891321
  0.30022650
  0.78059157
  1.11668621
  1.02363324
  0.74698125
  0.62746622
  0.54590149
  0.48609394
  0.42091930
  0.34871001
  0.28689965
  0.23978279
  0.21485014
  0.00060780
 -0.02169037
  0.31807356
  0.78521847
  1.11896673
  1.02039370
  0.75400095
  0.62875072
  0.55695003
  0.50327184
  0.43525484
  0.36353079
  0.29864203
  0.24352952
  0.20893371
  0.00322076
  0.00322076
 -0.39179142
 -0.28361225
 -0.07640007
  0.52622340
  0.60020963
  0.57442300
  0.53038972
  0.49539241
  0.43192654
  0.37086412
  0.30873221
  0.25252471
  0.21176132
  0.00536340
  0.00566580
 -0.50792616
 -0.45961773
 -0.30251128
  0.39206903
  0.51445470
  0.52806736
  0.50430189
  0.47248139
  0.41635086
  0.36080425
  0.30472117
  0.25321611
  0.21492577
  0.00697367
  0.00791712
 -0.47720041
 -0.40444107
 -0.25459341
  0.40281044
  0.49174593
  0.50060164
  0.47294851
  0.44270313
  0.39582074
  0.34984743
  0.29794524
  0.25172284
  0.21960500
  0.00805160
  0.04956480
 -0.19321334
 -0.07853154
  0.04352036
  0.45320753
  0.49466918
  0.48530407
  0.45834026
  0.42452672
  0.37873459
  0.33199531
  0.28149321
  0.24204428
  0.21779726
  0.00906749
  0.05389097
 -0.02070782
  0.12719888
  0.25368934
  0.49144412
  0.49679728
  0.47466219
  0.44575102
  0.41087060
  0.36957223
  0.32552223
  0.27673244
  0.23691988
  0.21479296
  0.01008339
  0.01433435
  0.06279807
  0.22697651
  0.39744680
  0.50234666
  0.48704917
  0.45867154
  0.43737148
  0.40121384
  0.36038403
  0.31345350
  0.26576928
  0.22479158
  0.20419472
  0.01109929
 -0.00884563
  0.03073162
  0.20217123
  0.39863041
  0.51398241
  0.48462145
  0.44457551
  0.41607954
  0.38136192
  0.34958402
  0.30591749
  0.25760090
  0.21147677
  0.18727632
 -0.12836521
 -0.03740097
  0.12671119
  0.46424320
  0.55346778
  0.53308168
  0.46502256
  0.41191918
  0.38592612
  0.35498061
  0.32729961
  0.28815727
  0.24219201
  0.19667796
  0.17197769
 -0.02464916
  0.13559114
  0.35164980
  0.59324760
  0.60952752
  0.53784430
  0.44988337
  0.38807986
  0.35253036
  0.32547056
  0.30449664
  0.27305282
  0.23134980
  0.18841604
  0.16184293
 -0.14890560
  0.04052323
  0.30996603
  0.58139944
  0.57054746
  0.45329350
  0.38871307
  0.34098114
  0.31422782
  0.29626676
  0.27515616
  0.24937473
  0.21413900
  0.17843732
  0.15281588
 -0.13302029
 -0.01255088
  0.16800763
  0.31417009
  0.37544208
  0.36424332
  0.34129124
  0.31140404
  0.28739175
  0.27778964
  0.25556977
  0.23317818
  0.20136625
  0.16926211
  0.14383645
