-21.24045730
160.73191662
534.32067284
940.93968229
1339.21232699
1626.51546258
1856.79302204
2059.44501988
2237.37827825
2401.94300418
2543.11818983
2661.68918925
2761.26406829
2835.06388696
2875.53975810
 29.90075101
157.01120755
420.10258888
781.62524757
1209.82671184
1592.16016435
1853.46448052
2068.69503826
2250.10747909
2414.24818397
2557.07332073
2678.33225088
2781.86527814
2862.15318507
2907.71250248
106.61256348
174.54927933
399.54732275
724.28875854
1189.78645499
1591.42385780
1872.75164193
2094.08859748
2278.19140839
2439.47439030
2583.55759551
2707.21341942
2813.76547201
2899.96642048
2950.62786093
183.32437596
222.78722395
424.14883904
739.45799349
1233.67676198
1653.78116199
1931.41261853
2142.69981341
2319.16530231
2477.12706149
2617.63799261
2740.98918637
2845.93613113
2933.35377616
2984.96846591
260.03618843
276.65078306
506.33474531
828.43502486
1351.84941080
1741.09283468
2003.03990938
2201.38803727
2371.31631220
2523.86748496
2660.81370431
2780.84073597
2882.20391258
2966.69912873
3017.63497996
335.61940272
333.11540629
545.64007863
870.75151261
1416.00157371
1821.79556979
2075.36888318
2267.26601993
2431.19990518
2576.79925023
2707.09799743
2822.19508000
2920.07052341
3001.78889373
3051.09957643
409.92517951
399.42970212
602.54577853
922.19083441
1473.35780040
1886.34438811
2140.49629990
2330.20712798
2491.29211258
2631.04047240
2755.89548789
2864.37100965
2958.13763349
3036.37750490
3084.19153799
482.95351883
510.75561459
764.63291268
1091.66406163
1604.83544437
1963.06867802
2205.05146315
2390.26459177
2548.32248616
2683.02862055
2800.31133343
2903.82824879
2993.69519222
3070.25396621
3116.59671872
555.83301884
634.78501483
925.69248949
1261.21359026
1723.23953264
2040.67041597
2267.95179328
2447.76613797
2601.59054342
2731.72521121
2842.78042806
2941.28692584
3027.02009315
3100.83645836
3145.83106226
628.71251885
785.44007952
1105.33212318
1450.96566209
1837.74756375
2124.26198054
2336.44654101
2508.04240256
2655.59091608
2779.92359241
2884.87455362
2978.02032826
3059.22833888
3129.62136898
3172.96993556
701.59201887
883.06118516
1183.87806055
1527.53100273
1890.35998203
2197.09427742
2407.58097701
2572.09873538
2710.55919351
2826.83375880
2926.10133920
3013.22365804
3090.18924315
3154.58381874
3193.92793096
723.35324466
973.59465210
1281.97599280
1677.49050499
1972.56365576
2272.43472125
2476.62467379
2632.26254634
2760.26230121
2869.75754366
2963.75814170
3046.11809366
3118.74899731
3178.19501059
3213.98193966
882.15174346
1181.95516879
1533.10297788
1857.03287193
2104.24032732
2360.57107594
2543.80174668
2687.54134347
2804.10958746
2905.57073608
2994.53133837
3073.54583851
3143.02542200
3198.21446027
3230.05327649
871.65048419
1261.84977117
1713.20907374
2046.41806139
2249.47555830
2445.94945693
2603.32188291
2732.97357568
2839.29964964
2934.01953938
3018.83838017
3095.23982415
3162.66933909
3215.72086050
3245.93898023
887.97433246
1312.26867952
1824.00848720
2107.01538576
2322.86821713
2500.93218883
2643.27020556
2761.52094773
2860.42988634
2950.63391335
3033.02443068
3107.50036471
3174.04925067
3225.40413807
3254.35881136
