3114.32973522
3119.36132638
3124.39291754
3129.42831974
3134.54761250
3139.66690526
3144.78619802
3149.71135923
3154.44205646
3159.17275368
3163.90345091
3168.28787602
3171.51891627
3174.74995652
3177.98099677
3181.21203702
3182.42876792
3182.56966137
3182.71055483
3182.85144828
3182.99234174
3182.20933058
3181.27671047
3179.88368135
3175.96798477
3172.05228819
3167.48244693
3162.79271654
3158.10298615
3153.41325576
3148.72352536
3117.71381552
3122.74540668
3127.77699784
3132.85626504
3137.97555780
3143.09485056
3148.21414332
3153.33343608
3158.08604872
3162.81674594
3167.54744317
3170.91834846
3174.14938871
3177.38042896
3180.61146921
3183.84250946
3186.23933109
3186.38022454
3186.52111800
3186.43044499
3185.49782488
3184.56520477
3183.63258466
3182.04822964
3178.13253306
3174.21683648
3170.30113990
3165.76024201
3161.07051162
3156.38078123
3151.69105084
3121.09789582
3126.12948698
3131.16491757
3136.28421033
3141.40350309
3146.52279585
3151.64208861
3156.76138137
3161.73004098
3166.46073820
3170.31778064
3173.54882089
3176.77986114
3180.01090139
3183.24194164
3186.47298189
3189.70402214
3190.19078772
3189.71893929
3188.78631918
3187.85369907
3186.92107896
3185.98845885
3184.21277793
3180.29708135
3176.38138477
3172.46568819
3168.54999161
3164.03803710
3159.34830671
3154.65857632
3124.48197612
3129.51356728
3134.59286287
3139.71215563
3144.83144839
3149.95074115
3155.07003391
3160.18932667
3165.30861943
3169.71721283
3172.94825308
3176.17929333
3179.41033358
3182.64137383
3185.88754750
3189.16534171
3192.44313593
3193.00743359
3192.07481348
3191.14219337
3190.20957326
3189.27695315
3188.34433304
3186.37732623
3182.46162964
3178.54593306
3174.63023648
3170.71453990
3166.79884332
3162.31583219
3157.62610180
3127.86605642
3132.90151541
3138.02080817
3143.14010093
3148.25939369
3153.37868645
3158.45156376
3163.43111694
3168.41067012
3172.65640439
3175.93419860
3179.21199282
3182.48978704
3185.76758125
3189.04537547
3192.32316968
3195.32688884
3194.88179893
3194.43068767
3193.49806756
3192.56544745
3191.63282734
3190.70020723
3188.54187452
3184.62617793
3180.71048135
3176.79478477
3172.87908819
3168.96339161
3165.04769503
3160.59362727
3130.85173530
3136.26052668
3141.24007985
3146.21963303
3151.19918621
3156.17873939
3161.15829257
3166.13784575
3170.95402017
3175.20492075
3179.09202657
3182.36982079
3185.64761501
3188.92540922
3192.20320344
3195.48099765
3197.05996543
3196.61487553
3196.16978562
3195.72469571
3194.92132165
3193.98870154
3193.05608143
3190.70642281
3186.79072622
3182.87502964
3178.95933306
3175.04363648
3171.12793990
3167.18293140
3162.37180157
3133.64321772
3138.94518144
3143.94680866
3148.92636184
3153.90591502
3158.88546820
3163.86502138
3168.84457456
3173.35150760
3177.60240819
3181.85330877
3185.52764876
3188.80544298
3192.08323719
3195.36103141
3198.63882562
3198.79304203
3198.34795212
3197.90286222
3197.45777231
3197.01268240
3196.34457573
3195.41195562
3192.87097110
3188.95527452
3185.03957793
3181.12388135
3176.56298335
3171.78580030
3167.00861726
3162.13318286
3136.14842964
3141.45039336
3146.65353747
3151.63309065
3156.61264383
3161.59219701
3166.57175019
3171.49809446
3175.74899504
3179.99989562
3184.25079620
3188.50169679
3191.96327095
3195.24106516
3198.51885938
3200.97120854
3200.52611863
3200.08102872
3199.63593882
3199.19084891
3198.74575900
3198.30066909
3197.76782981
3195.03551939
3190.72021834
3185.94303529
3181.16585225
3176.38866920
3171.61148616
3166.83430311
3161.89456414
3138.65364157
3143.95560529
3149.25756901
3154.33981946
3159.31937264
3164.29892582
3169.27847900
3173.89558190
3178.14648248
3182.39738306
3186.64828364
3190.89918422
3195.12109892
3198.39889313
3201.67668735
3202.70428513
3202.25919523
3201.81410532
3201.36901541
3200.92392551
3200.47883560
3199.98440082
3199.44355240
3195.32308724
3190.54590419
3185.76872115
3180.99153810
3176.21435506
3171.43717201
3166.65998897
3161.65594543
3141.15885349
3146.46081721
3151.76278093
3157.04654827
3162.02610145
3167.00565463
3171.98520781
3176.29306934
3180.54396992
3184.79487050
3189.04577108
3193.29667166
3197.54757224
3201.55672110
3204.83451532
3204.43736173
3203.99227182
3203.54718192
3203.02352388
3202.48267545
3201.94182703
3201.40097861
3199.81327128
3195.09702666
3190.37159005
3185.59440700
3180.81722396
3176.04004091
3171.26285787
3166.46357572
3161.41732671
3143.66406541
3148.96602913
3154.26799286
3159.56995658
3164.73283026
3169.71238344
3174.43965619
3178.69055678
3182.94145736
3187.19235794
3191.44325852
3195.69415910
3199.94505968
3204.19596026
3206.60349536
3206.06264693
3205.52179851
3204.98095009
3204.44010166
3203.89925324
3203.35840482
3202.81755639
3199.58151624
3194.86527162
3190.14902701
3185.42009286
3180.64290981
3175.86572677
3171.08854372
3166.22495701
3161.17870800
3146.16927734
3151.47124106
3156.77320478
3162.07516850
3167.37713222
3172.41911224
3176.83714363
3181.08804421
3185.33894480
3189.58984538
3193.85691704
3198.13336852
3202.40982001
3206.68627149
3207.84022800
3207.47922472
3206.93837630
3206.39752787
3205.85667945
3205.31583103
3204.77498260
3204.06600581
3199.34976120
3194.63351658
3189.91727197
3185.20102736
3180.46859567
3175.69141262
3170.91422958
3165.98633829
3160.94008929
3148.67448926
3153.97645298
3159.27841670
3164.58038043
3169.88234415
3174.99011105
3179.26656254
3183.54301402
3187.81946551
3192.09591699
3196.37236847
3200.64881996
3204.92527144
3209.01383518
3208.88147317
3208.74911116
3208.35495408
3207.81410566
3207.27325724
3206.73240881
3206.19156039
3203.83425077
3199.11800616
3194.40176154
3189.68551693
3184.96927232
3180.25302770
3175.51709848
3170.73991543
3165.74771958
3160.70147057
3151.39492457
3156.74057346
3162.08622235
3167.43187124
3172.77752013
3177.50493680
3181.78201397
3186.05846546
3190.33491694
3194.61136843
3198.88781991
3203.16427140
3207.44072288
3210.05508034
3209.92271833
3209.79035633
3209.65799432
3209.23068345
3208.68983503
3208.14898660
3207.60813818
3203.60249573
3198.88625112
3194.17000651
3189.45376189
3184.73751728
3180.02127266
3175.30502805
3170.55534987
3165.47316580
3159.90781077
3154.32003030
3159.66567919
3165.01132808
3170.35697697
3175.70262586
3180.01960029
3184.29696229
3188.57391690
3192.85036838
3197.12681987
3201.40327135
3205.67972284
3209.95617432
3211.09632551
3210.96396350
3210.83160149
3210.69923948
3210.56687748
3210.10641281
3209.56556439
3208.08698531
3203.37074069
3198.65449608
3193.93825147
3189.22200685
3184.50576224
3179.72256341
3174.86385573
3169.49466884
3163.37443545
3157.80908042
3157.24513603
3162.59078492
3167.93643381
3173.28208270
3178.25690178
3182.53426378
3186.81162578
3191.08898778
3195.36581982
3199.64227130
3203.91872279
3208.19517427
3212.26993268
3212.13757067
3212.00520866
3211.87284666
3211.74048465
3211.60812264
3211.47576063
3210.98214218
3207.85523027
3203.13898565
3198.42274104
3193.59305723
3188.73434955
3183.87564187
3179.01693419
3174.15822651
3168.30622478
3161.88665310
3155.71035008
3160.17024176
3165.51589065
3170.86153954
3176.20718843
3180.77156526
3185.04892726
3189.32628927
3193.60365127
3197.88101327
3202.15772274
3206.43417423
3210.71062571
3213.31117784
3213.17881583
3213.04645383
3212.91409182
3212.78172981
3212.64936781
3212.51700580
3212.30511530
3207.46355105
3202.60484336
3197.74613568
3192.88742800
3188.02872032
3183.17001264
3178.31130496
3173.45259728
3167.11778072
3160.69820904
3154.27863736
3163.09534748
3168.44099638
3173.78664527
3179.00886675
3183.28622875
3187.56359075
3191.84095275
3196.11831476
3200.39567676
3204.67303876
3208.94962567
3213.22607715
3214.35242301
3214.22006100
3214.08769899
3213.95533699
3213.79655426
3213.20640409
3212.61625392
3211.14106331
3206.67768791
3201.89921414
3197.04050646
3192.18179878
3187.32309110
3182.46438342
3177.60567574
3172.34890834
3165.92933666
3159.50976498
3153.09019330
3166.03955492
3171.36610210
3176.71175100
3181.52353024
3185.80089224
3190.07825424
3194.35561624
3198.63297824
3202.91034024
3207.18770225
3211.46506425
3215.52603018
3215.39366817
3215.25818678
3214.66803661
3214.07788644
3213.48773627
3212.89758610
3212.30743593
3209.97701132
3205.51363592
3201.05026052
3196.33487724
3191.47616956
3186.61746188
3181.75875420
3176.90004652
3171.16046428
3164.74089260
3158.32132092
3151.90174924
3169.08441403
3174.31251089
3179.63685672
3184.03819373
3188.31555573
3192.59291773
3196.87027973
3201.14764173
3205.42500373
3209.69062640
3213.94423996
3216.12966913
3215.53951896
3214.94936879
3214.35921863
3213.76906846
3213.17891829
3212.58876812
3211.99861795
3208.81295932
3204.34958392
3199.88620852
3195.42283312
3190.77054034
3185.91183266
3181.05312498
3176.19441730
3169.97202022
3163.55244854
3157.13287686
3150.71330518
3172.10690315
3177.30421588
3182.19612488
3186.44675649
3190.70037005
3194.95398361
3199.20759718
3203.46121074
3207.71482430
3211.96843786
3216.22205142
3216.00843467
3215.23070098
3214.64055081
3214.05040064
3213.46025047
3212.87010030
3212.27995013
3211.68979996
3207.64890733
3203.18553193
3198.72215653
3194.25878113
3189.79540573
3185.20620344
3180.34749576
3175.20314784
3168.78357616
3162.36400448
3155.94443280
3149.52486112
3174.91310826
3180.11042099
3184.49683942
3188.72456795
3192.97818152
3197.23179508
3201.48540864
3205.73902220
3209.99263576
3214.24624932
3216.75349537
3215.91632191
3215.07914845
3214.33173282
3213.74158265
3213.15143248
3212.56128231
3211.97113214
3210.94823074
3206.48485534
3202.02147994
3197.55810454
3193.09472914
3188.63135374
3184.16797834
3179.64186654
3174.01470378
3167.59439056
3160.96630498
3154.33821939
3147.71013381
3177.71931337
3182.57723491
3186.79755396
3191.01787301
3195.25599298
3199.50960654
3203.76322010
3208.01683366
3212.27044722
3216.52406078
3216.66138261
3215.82420915
3214.98703569
3214.14986223
3213.43276467
3212.84261450
3212.25246433
3211.66231416
3209.78417875
3205.32080335
3200.85742795
3196.39405255
3191.93067715
3187.46730175
3183.00392635
3178.31077089
3172.28523399
3165.65714841
3159.02906282
3152.40097724
3145.77289165
3180.52551847
3184.87794945
3189.09826851
3193.31858756
3197.53890661
3201.78741800
3206.04103156
3210.29464512
3214.54825868
3217.40644331
3216.56926985
3215.73209639
3214.89492293
3214.05774948
3213.22057602
3212.53379651
3211.94364634
3211.35349617
3208.62012675
3204.15675135
3199.69337595
3195.23000055
3190.76662515
3186.08265025
3181.29557912
3176.50850799
3170.28366375
3163.71671291
3157.09182066
3150.46373508
3143.83564949
3182.95834495
3187.17866400
3191.39898305
3195.61930210
3199.83962115
3204.06522946
3208.31884302
3212.57245658
3216.82607014
3217.31433055
3216.47715710
3215.63998364
3214.80281018
3213.96563672
3213.12846326
3212.29128980
3211.63482835
3211.04467818
3207.45607476
3202.99269936
3198.52932396
3193.85452960
3189.06745847
3184.28038734
3179.49331621
3174.70624508
3168.27981008
3161.71285923
3155.14590839
3148.52649292
3141.89840734
3185.25905949
3189.47937854
3193.69969759
3197.92001664
3202.14033569
3206.36065474
3210.59665448
3214.85026804
3218.05939126
3217.22221780
3216.38504434
3215.54787088
3214.71069742
3213.87352396
3213.03635050
3212.19917704
3211.36200358
3210.73586020
3206.29202277
3201.62640896
3196.83933783
3192.05226670
3187.26519557
3182.47812444
3177.69105331
3172.84290726
3166.27595641
3159.70900556
3153.14205472
3146.57510387
3139.96116518
3187.55977403
3191.78009308
3196.00041213
3200.22073118
3204.44105023
3208.66136928
3212.88168833
3217.12807950
3217.96727850
3217.13010504
3216.29293158
3215.45575812
3214.61858466
3213.78141120
3212.94423774
3212.10706428
3211.47733090
3209.53043652
3204.61121719
3199.82414606
3195.03707493
3190.25000380
3185.46293267
3180.67586154
3175.88879041
3170.83905358
3164.27210274
3157.70515189
3151.13820104
3144.57125020
3138.00429935
3189.86048857
3194.08080762
3198.30112667
3202.52144572
3206.74176477
3210.96208382
3215.18240288
3218.79946370
3218.17002887
3217.54059404
3216.91115922
3216.28172439
3215.65228957
3215.02285474
3214.39341991
3213.76398509
3213.13455026
3208.56536936
3203.45348971
3198.24860154
3193.23481203
3188.44774090
3183.66066977
3178.87359864
3174.08652751
3168.83519991
3162.26824906
3155.70129822
3149.13434737
3142.56739652
3136.00044568
3192.16120311
3196.36001987
3200.55191316
3204.74380645
3208.93569973
3213.12759302
3217.31948631
3219.53002037
3219.82724823
3219.19781340
3218.56837858
3217.93894375
3217.30950893
3216.68007410
3216.05063927
3215.42120445
3212.28858994
3207.55233596
3202.58143106
3197.37654289
3192.17165472
3186.96676656
3181.85840687
3177.07133574
3172.28426461
3166.83134624
3160.26439539
3153.69744454
3147.13049370
3140.56354285
3134.07433864
3194.28667000
3198.47856329
3202.67045658
3206.86234987
3211.05424316
3215.24613645
3219.02749317
3220.09620015
3221.16490712
3220.85503276
3220.22559794
3219.59616311
3218.96672829
3218.33729346
3217.70785863
3216.01181051
3211.27555654
3206.53930257
3201.70937241
3196.50448424
3191.29959607
3186.09470791
3180.88981974
3175.68493157
3170.48200171
3164.82749256
3158.36072247
3151.96121321
3145.56170394
3139.16219467
3132.76268540
3196.40521343
3200.59710672
3204.78900000
3208.98089329
3213.17278658
3217.36467987
3219.59367295
3220.66237992
3221.73108690
3222.51225212
3221.88281730
3221.25338247
3220.62394765
3219.99451282
3219.36507799
3214.99877711
3210.26252314
3205.52626917
3200.79001519
3195.63242559
3190.42753742
3185.22264926
3180.01776109
3174.81287292
3169.48120978
3163.44207348
3157.04906924
3150.64955997
3144.25005070
3137.85054143
3131.45103216
