341.57705  316.84095  278.82395  225.88513  266.35172  245.57429  152.12038  214.0162  179.76909  307.26068  384.21784   
290.92292  305.2703  251.91966  267.74594  265.33609  239.0641  289.33928  235.33353  219.12227  302.12354  356.07228   
276.19094  263.35635  303.70685  279.56777  340.88503  205.08477  220.37236  177.1015  284.88411  260.77605  324.84998   
319.56853  275.19536  245.22167  260.47029  213.15462  246.97039  233.96275  209.94469  217.58258  363.30839  355.4667   
320.29049  256.53709  252.03324  189.59596  232.00134  203.59983  226.61511  250.82013  252.88507  294.59056  387.71641   
314.94287  231.84708  263.96763  221.73285  190.20849  163.57064  234.84503  199.18862  189.20249  275.37442  319.16576   
413.78704  229.47571  205.88455  286.30886  226.65555  212.23141  191.87159  275.24705  244.29675  242.3922  396.0148   
304.33008  269.06889  218.63847  180.67502  214.65499  206.59618  207.25417  168.41298  257.90553  294.94634  297.43112   
331.61768  252.609  234.5614  196.65205  140.07985  154.0097  244.09797  251.45986  257.8008  278.29916  385.57433   
326.0772  233.71215  182.65559  211.50193  269.47291  256.88857  248.6777  195.05262  190.17741  215.83919  305.70734   
